,board,hist,result
0,"[[0. 0. 0.]
 [0. 0. 0.]
 [0. 0. 0.]]",[0.13 0.13 0.13 0.1  0.11 0.03 0.12 0.11 0.14],1
1,"[[-0. -0. -0.]
 [-0. -0. -0.]
 [-0. -0. -1.]]",[0.13 0.12 0.15 0.12 0.13 0.1  0.14 0.11 0.  ],-1
2,"[[ 0.  0. -1.]
 [ 0.  0.  0.]
 [ 0.  0.  1.]]",[0.32 0.12 0.   0.1  0.1  0.09 0.17 0.1  0.  ],1
3,"[[-1. -0.  1.]
 [-0. -0. -0.]
 [-0. -0. -1.]]",[0.   0.15 0.   0.15 0.3  0.13 0.14 0.13 0.  ],-1
4,"[[ 1.  0. -1.]
 [ 0. -1.  0.]
 [ 0.  0.  1.]]",[0.   0.06 0.   0.01 0.   0.06 0.86 0.01 0.  ],1
5,"[[-1. -0.  1.]
 [-0.  1. -0.]
 [-1. -0. -1.]]",[0.   0.25 0.   0.3  0.   0.2  0.   0.25 0.  ],-1
6,"[[ 1.  0. -1.]
 [-1. -1.  0.]
 [ 1.  0.  1.]]",[0.   0.02 0.   0.   0.   0.03 0.   0.95 0.  ],1
7,"[[0. 0. 0.]
 [0. 0. 0.]
 [0. 0. 0.]]",[0.13 0.11 0.15 0.11 0.09 0.07 0.13 0.1  0.11],1
8,"[[-0. -0. -1.]
 [-0. -0. -0.]
 [-0. -0. -0.]]",[0.14 0.14 0.   0.11 0.12 0.1  0.13 0.13 0.13],-1
9,"[[-1.  0.  1.]
 [ 0.  0.  0.]
 [ 0.  0.  0.]]",[0.   0.11 0.   0.11 0.11 0.1  0.19 0.11 0.27],1
10,"[[ 1. -0. -1.]
 [-0. -0. -0.]
 [-0. -0. -1.]]",[0.   0.13 0.   0.12 0.13 0.36 0.13 0.13 0.  ],-1
11,"[[-1.  0.  1.]
 [ 0.  0. -1.]
 [ 0.  0.  1.]]",[0.   0.08 0.   0.06 0.08 0.   0.77 0.01 0.  ],1
12,"[[ 1. -0. -1.]
 [-0. -0.  1.]
 [-1. -0. -1.]]",[0.   0.26 0.   0.18 0.29 0.   0.   0.27 0.  ],-1
13,"[[-1.  0.  1.]
 [ 0. -1. -1.]
 [ 1.  0.  1.]]",[0.   0.02 0.   0.06 0.   0.   0.   0.92 0.  ],1
14,"[[0. 0. 0.]
 [0. 0. 0.]
 [0. 0. 0.]]",[0.13 0.12 0.15 0.02 0.12 0.1  0.13 0.11 0.12],1
15,"[[-0. -0. -1.]
 [-0. -0. -0.]
 [-0. -0. -0.]]",[0.14 0.13 0.   0.11 0.12 0.11 0.14 0.13 0.12],-1
16,"[[-1.  0.  1.]
 [ 0.  0.  0.]
 [ 0.  0.  0.]]",[0.   0.11 0.   0.1  0.12 0.1  0.19 0.11 0.27],1
17,"[[ 1. -0. -1.]
 [-0. -0. -0.]
 [-0. -0. -1.]]",[0.   0.13 0.   0.12 0.12 0.36 0.13 0.14 0.  ],-1
18,"[[-1.  0.  1.]
 [ 0.  0. -1.]
 [ 0.  0.  1.]]",[0.   0.08 0.   0.07 0.01 0.   0.83 0.01 0.  ],1
19,"[[ 1. -0. -1.]
 [-0. -0.  1.]
 [-1. -0. -1.]]",[0.   0.25 0.   0.23 0.28 0.   0.   0.24 0.  ],-1
20,"[[-1.  0.  1.]
 [ 0. -1. -1.]
 [ 1.  0.  1.]]",[0.   0.02 0.   0.06 0.   0.   0.   0.92 0.  ],1
21,"[[0. 0. 0.]
 [0. 0. 0.]
 [0. 0. 0.]]",[0.15 0.11 0.06 0.12 0.11 0.1  0.12 0.11 0.12],1
22,"[[-1. -0. -0.]
 [-0. -0. -0.]
 [-0. -0. -0.]]",[0.   0.14 0.15 0.11 0.13 0.1  0.14 0.11 0.12],-1
23,"[[ 1.  0. -1.]
 [ 0.  0.  0.]
 [ 0.  0.  0.]]",[0.   0.11 0.   0.1  0.11 0.09 0.29 0.11 0.19],1
24,"[[-1. -0.  1.]
 [-0. -0. -0.]
 [-1. -0. -0.]]",[0.   0.12 0.   0.44 0.12 0.1  0.   0.11 0.11],-1
25,"[[ 1.  0. -1.]
 [-1.  0.  0.]
 [ 1.  0.  0.]]",[0.   0.09 0.   0.   0.01 0.03 0.   0.03 0.84],1
26,"[[-1. -0.  1.]
 [ 1. -0. -0.]
 [-1. -0. -1.]]",[0.   0.19 0.   0.   0.34 0.17 0.   0.3  0.  ],-1
27,"[[ 1.  0. -1.]
 [-1. -1.  0.]
 [ 1.  0.  1.]]",[0.   0.02 0.   0.   0.   0.01 0.   0.97 0.  ],1
28,"[[0. 0. 0.]
 [0. 0. 0.]
 [0. 0. 0.]]",[0.13 0.13 0.13 0.01 0.12 0.13 0.12 0.11 0.12],1
29,"[[-1. -0. -0.]
 [-0. -0. -0.]
 [-0. -0. -0.]]",[0.   0.13 0.14 0.11 0.13 0.11 0.15 0.11 0.12],-1
30,"[[ 1.  0.  0.]
 [ 0.  0.  0.]
 [-1.  0.  0.]]",[0.   0.13 0.2  0.1  0.15 0.12 0.   0.11 0.19],1
31,"[[-1. -0. -1.]
 [-0. -0. -0.]
 [ 1. -0. -0.]]",[0.   0.43 0.   0.1  0.14 0.1  0.   0.11 0.12],-1
32,"[[ 1. -1.  1.]
 [ 0.  0.  0.]
 [-1.  0.  0.]]",[0.   0.   0.   0.01 0.01 0.03 0.   0.01 0.94],1
33,"[[-1.  1. -1.]
 [-0. -0. -0.]
 [ 1. -0. -1.]]",[0.   0.   0.   0.17 0.36 0.25 0.   0.22 0.  ],-1
34,"[[ 1. -1.  1.]
 [ 0. -1.  0.]
 [-1.  0.  1.]]",[0.   0.   0.   0.03 0.   0.96 0.   0.01 0.  ],1
35,"[[0. 0. 0.]
 [0. 0. 0.]
 [0. 0. 0.]]",[0.12 0.11 0.16 0.1  0.12 0.06 0.13 0.06 0.14],1
36,"[[-0. -0. -1.]
 [-0. -0. -0.]
 [-0. -0. -0.]]",[0.18 0.12 0.   0.11 0.12 0.1  0.14 0.11 0.12],-1
37,"[[-1.  0.  1.]
 [ 0.  0.  0.]
 [ 0.  0.  0.]]",[0.   0.12 0.   0.1  0.12 0.1  0.23 0.11 0.22],1
38,"[[ 1. -0. -1.]
 [-0. -0. -0.]
 [-1. -0. -0.]]",[0.   0.16 0.   0.12 0.36 0.12 0.   0.12 0.12],-1
39,"[[-1.  0.  1.]
 [ 0. -1.  0.]
 [ 1.  0.  0.]]",[0.   0.04 0.   0.01 0.   0.01 0.   0.03 0.91],1
40,"[[ 1. -0. -1.]
 [-0.  1. -0.]
 [-1. -0. -1.]]",[0.   0.26 0.   0.17 0.   0.28 0.   0.29 0.  ],-1
41,"[[-1.  0.  1.]
 [ 0. -1.  0.]
 [ 1. -1.  1.]]",[0.   0.06 0.   0.01 0.   0.93 0.   0.   0.  ],1
42,"[[0. 0. 0.]
 [0. 0. 0.]
 [0. 0. 0.]]",[0.13 0.13 0.15 0.1  0.11 0.05 0.12 0.1  0.11],1
43,"[[-0. -0. -1.]
 [-0. -0. -0.]
 [-0. -0. -0.]]",[0.24 0.12 0.   0.1  0.11 0.09 0.12 0.1  0.12],-1
44,"[[-1.  0.  1.]
 [ 0.  0.  0.]
 [ 0.  0.  0.]]",[0.   0.13 0.   0.11 0.11 0.09 0.19 0.1  0.27],1
45,"[[ 1. -0. -1.]
 [-0. -0. -0.]
 [-0. -0. -1.]]",[0.   0.14 0.   0.11 0.14 0.36 0.12 0.13 0.  ],-1
46,"[[-1.  0.  1.]
 [ 0.  0. -1.]
 [ 0.  0.  1.]]",[0.   0.09 0.   0.01 0.04 0.   0.85 0.01 0.  ],1
47,"[[ 1. -0. -1.]
 [-0. -0.  1.]
 [-1. -0. -1.]]",[0.   0.29 0.   0.19 0.24 0.   0.   0.28 0.  ],-1
48,"[[-1. -1.  1.]
 [ 0.  0. -1.]
 [ 1.  0.  1.]]",[0.   0.   0.   0.01 0.42 0.   0.   0.57 0.  ],1
49,"[[0. 0. 0.]
 [0. 0. 0.]
 [0. 0. 0.]]",[0.11 0.11 0.15 0.1  0.11 0.06 0.14 0.1  0.12],1
50,"[[-0. -0. -1.]
 [-0. -0. -0.]
 [-0. -0. -0.]]",[0.14 0.13 0.   0.11 0.12 0.1  0.16 0.11 0.13],-1
51,"[[ 0.  0.  1.]
 [ 0.  0.  0.]
 [-1.  0.  0.]]",[0.25 0.12 0.   0.11 0.11 0.1  0.   0.1  0.21],1
52,"[[-1. -0. -1.]
 [-0. -0. -0.]
 [ 1. -0. -0.]]",[0.   0.43 0.   0.11 0.12 0.1  0.   0.11 0.13],-1
53,"[[ 1. -1.  1.]
 [ 0.  0.  0.]
 [-1.  0.  0.]]",[0.   0.   0.   0.01 0.01 0.01 0.   0.15 0.82],1
54,"[[-1.  1. -1.]
 [-0. -0. -0.]
 [ 1. -0. -1.]]",[0.   0.   0.   0.21 0.31 0.25 0.   0.23 0.  ],-1
55,"[[ 1. -1.  1.]
 [ 0. -1.  0.]
 [-1.  0.  1.]]",[0.   0.   0.   0.03 0.   0.96 0.   0.01 0.  ],1
56,"[[0. 0. 0.]
 [0. 0. 0.]
 [0. 0. 0.]]",[0.05 0.11 0.13 0.1  0.11 0.13 0.13 0.12 0.12],1
57,"[[-0. -0. -1.]
 [-0. -0. -0.]
 [-0. -0. -0.]]",[0.14 0.13 0.   0.12 0.14 0.1  0.13 0.11 0.13],-1
58,"[[-1.  0.  1.]
 [ 0.  0.  0.]
 [ 0.  0.  0.]]",[0.   0.11 0.   0.1  0.11 0.1  0.18 0.1  0.3 ],1
59,"[[ 1. -0. -1.]
 [-0. -0. -0.]
 [-0. -0. -1.]]",[0.   0.12 0.   0.12 0.14 0.36 0.14 0.12 0.  ],-1
60,"[[-1.  0.  1.]
 [ 0.  0. -1.]
 [ 0.  0.  1.]]",[0.   0.08 0.   0.07 0.08 0.   0.65 0.12 0.  ],1
61,"[[ 1. -0. -1.]
 [-0. -0.  1.]
 [-1. -0. -1.]]",[0.   0.21 0.   0.24 0.29 0.   0.   0.26 0.  ],-1
62,"[[-1.  0.  1.]
 [ 0. -1. -1.]
 [ 1.  0.  1.]]",[0.   0.02 0.   0.06 0.   0.   0.   0.92 0.  ],1
63,"[[0. 0. 0.]
 [0. 0. 0.]
 [0. 0. 0.]]",[0.16 0.11 0.07 0.11 0.11 0.1  0.13 0.1  0.11],1
64,"[[-1. -0. -0.]
 [-0. -0. -0.]
 [-0. -0. -0.]]",[0.   0.13 0.14 0.11 0.13 0.1  0.15 0.11 0.13],-1
65,"[[ 1.  0.  0.]
 [ 0.  0.  0.]
 [-1.  0.  0.]]",[0.   0.13 0.2  0.11 0.18 0.1  0.   0.1  0.18],1
66,"[[-1. -0. -1.]
 [-0. -0. -0.]
 [ 1. -0. -0.]]",[0.   0.44 0.   0.11 0.12 0.1  0.   0.11 0.12],-1
67,"[[ 1. -1.  1.]
 [ 0.  0.  0.]
 [-1.  0.  0.]]",[0.   0.   0.   0.01 0.13 0.04 0.   0.03 0.79],1
68,"[[-1.  1. -1.]
 [-0. -0. -0.]
 [ 1. -0. -1.]]",[0.   0.   0.   0.21 0.28 0.31 0.   0.2  0.  ],-1
69,"[[ 1. -1.  1.]
 [ 0.  0. -1.]
 [-1.  0.  1.]]",[0.   0.   0.   0.01 0.95 0.   0.   0.04 0.  ],1
70,"[[0. 0. 0.]
 [0. 0. 0.]
 [0. 0. 0.]]",[0.13 0.12 0.13 0.05 0.11 0.1  0.15 0.1  0.11],1
71,"[[-0. -0. -0.]
 [-0. -0. -0.]
 [-1. -0. -0.]]",[0.14 0.15 0.13 0.11 0.12 0.1  0.   0.12 0.13],-1
72,"[[ 0. -1.  0.]
 [ 0.  0.  0.]
 [ 1.  0.  0.]]",[0.32 0.   0.19 0.1  0.1  0.09 0.   0.1  0.1 ],1
73,"[[-1.  1. -0.]
 [-0. -0. -0.]
 [-1. -0. -0.]]",[0.   0.   0.13 0.38 0.12 0.11 0.   0.13 0.13],-1
74,"[[ 1. -1.  0.]
 [-1.  0.  0.]
 [ 1.  0.  0.]]",[0.   0.   0.1  0.   0.81 0.07 0.   0.01 0.01],1
75,"[[-1.  1. -0.]
 [ 1. -1. -0.]
 [-1. -0. -0.]]",[0.   0.   0.25 0.   0.   0.29 0.   0.21 0.25],-1
76,"[[ 1. -1.  0.]
 [-1.  1. -1.]
 [ 1.  0.  0.]]",[0.   0.   0.46 0.   0.   0.   0.   0.03 0.51],1
77,"[[0. 0. 0.]
 [0. 0. 0.]
 [0. 0. 0.]]",[0.15 0.12 0.12 0.1  0.03 0.1  0.13 0.11 0.14],1
78,"[[-1. -0. -0.]
 [-0. -0. -0.]
 [-0. -0. -0.]]",[0.   0.13 0.15 0.11 0.14 0.1  0.14 0.11 0.12],-1
79,"[[ 1.  0. -1.]
 [ 0.  0.  0.]
 [ 0.  0.  0.]]",[0.   0.12 0.   0.12 0.1  0.08 0.29 0.1  0.19],1
80,"[[-1. -0.  1.]
 [-0. -0. -0.]
 [-1. -0. -0.]]",[0.   0.11 0.   0.46 0.11 0.1  0.   0.11 0.11],-1
81,"[[ 1.  0. -1.]
 [-1.  0.  0.]
 [ 1.  0.  0.]]",[0.   0.03 0.   0.   0.12 0.04 0.   0.01 0.8 ],1
82,"[[-1. -0.  1.]
 [ 1. -0. -0.]
 [-1. -0. -1.]]",[0.   0.23 0.   0.   0.26 0.24 0.   0.27 0.  ],-1
83,"[[ 1.  0. -1.]
 [-1.  0.  0.]
 [ 1. -1.  1.]]",[0.   0.06 0.   0.   0.93 0.01 0.   0.   0.  ],1
84,"[[0. 0. 0.]
 [0. 0. 0.]
 [0. 0. 0.]]",[0.05 0.13 0.12 0.1  0.12 0.1  0.12 0.11 0.15],1
85,"[[-0. -0. -0.]
 [-0. -0. -0.]
 [-0. -0. -1.]]",[0.14 0.12 0.13 0.12 0.12 0.11 0.14 0.12 0.  ],-1
86,"[[-1.  0.  0.]
 [ 0.  0.  0.]
 [ 0.  0.  1.]]",[0.   0.11 0.35 0.09 0.11 0.1  0.15 0.09 0.  ],1
87,"[[ 1. -0. -1.]
 [-0. -0. -0.]
 [-0. -0. -1.]]",[0.   0.13 0.   0.12 0.12 0.37 0.14 0.12 0.  ],-1
88,"[[-1.  0.  1.]
 [ 0.  0. -1.]
 [ 0.  0.  1.]]",[0.   0.05 0.   0.01 0.05 0.   0.88 0.01 0.  ],1
89,"[[ 1. -0. -1.]
 [-0. -0.  1.]
 [-1. -0. -1.]]",[0.   0.25 0.   0.27 0.23 0.   0.   0.25 0.  ],-1
90,"[[-1.  0.  1.]
 [-1.  0. -1.]
 [ 1.  0.  1.]]",[0.   0.04 0.   0.   0.6  0.   0.   0.36 0.  ],1
91,"[[0. 0. 0.]
 [0. 0. 0.]
 [0. 0. 0.]]",[0.12 0.14 0.13 0.11 0.12 0.1  0.13 0.11 0.04],0
92,"[[-0. -1. -0.]
 [-0. -0. -0.]
 [-0. -0. -0.]]",[0.13 0.   0.18 0.11 0.12 0.1  0.13 0.11 0.12],0
93,"[[ 0.  1. -1.]
 [ 0.  0.  0.]
 [ 0.  0.  0.]]",[0.22 0.   0.   0.1  0.23 0.09 0.11 0.13 0.12],0
94,"[[-0. -1.  1.]
 [-0. -1. -0.]
 [-0. -0. -0.]]",[0.09 0.   0.   0.09 0.   0.09 0.11 0.52 0.1 ],0
95,"[[ 0.  1. -1.]
 [ 0.  1.  0.]
 [ 0. -1.  0.]]",[0.11 0.   0.   0.24 0.   0.36 0.15 0.   0.14],0
96,"[[-0. -1.  1.]
 [-0. -1. -1.]
 [-0.  1. -0.]]",[0.09 0.   0.   0.78 0.   0.   0.07 0.   0.06],0
97,"[[ 0.  1. -1.]
 [-1.  1.  1.]
 [ 0. -1.  0.]]",[0.45 0.   0.   0.   0.   0.   0.3  0.   0.25],0
98,"[[-1. -1.  1.]
 [ 1. -1. -1.]
 [-0.  1. -0.]]",[0.   0.   0.   0.   0.   0.   0.06 0.   0.94],0
99,"[[ 1.  1. -1.]
 [-1.  1.  1.]
 [ 0. -1. -1.]]",[0. 0. 0. 0. 0. 0. 1. 0. 0.],0
100,"[[0. 0. 0.]
 [0. 0. 0.]
 [0. 0. 0.]]",[0.12 0.11 0.15 0.06 0.11 0.1  0.11 0.12 0.12],1
101,"[[-0. -0. -1.]
 [-0. -0. -0.]
 [-0. -0. -0.]]",[0.14 0.13 0.   0.11 0.14 0.11 0.13 0.12 0.12],-1
102,"[[-1.  0.  1.]
 [ 0.  0.  0.]
 [ 0.  0.  0.]]",[0.   0.12 0.   0.11 0.11 0.11 0.18 0.11 0.26],1
103,"[[ 1. -0. -1.]
 [-0. -0. -0.]
 [-0. -0. -1.]]",[0.   0.13 0.   0.13 0.13 0.36 0.13 0.12 0.  ],-1
104,"[[-1.  0.  1.]
 [ 0.  0. -1.]
 [ 0.  0.  1.]]",[0.   0.08 0.   0.01 0.07 0.   0.8  0.04 0.  ],1
105,"[[ 1. -0. -1.]
 [-0. -0.  1.]
 [-1. -0. -1.]]",[0.   0.22 0.   0.21 0.27 0.   0.   0.3  0.  ],-1
106,"[[-1.  0.  1.]
 [ 0.  0. -1.]
 [ 1. -1.  1.]]",[0.   0.05 0.   0.03 0.92 0.   0.   0.   0.  ],1
107,"[[0. 0. 0.]
 [0. 0. 0.]
 [0. 0. 0.]]",[0.13 0.13 0.13 0.09 0.14 0.01 0.14 0.11 0.12],1
108,"[[-0. -0. -0.]
 [-0. -1. -0.]
 [-0. -0. -0.]]",[0.13 0.16 0.13 0.1  0.   0.11 0.13 0.12 0.12],-1
109,"[[ 0. -1.  0.]
 [ 0.  1.  0.]
 [ 0.  0.  0.]]",[0.18 0.   0.19 0.13 0.   0.16 0.14 0.1  0.1 ],1
110,"[[-0.  1. -1.]
 [-0. -1. -0.]
 [-0. -0. -0.]]",[0.12 0.   0.   0.12 0.   0.09 0.45 0.1  0.12],-1
111,"[[ 0. -1.  1.]
 [ 0.  1.  0.]
 [-1.  0.  0.]]",[0.01 0.   0.   0.01 0.   0.03 0.   0.01 0.94],1
112,"[[-0.  1. -1.]
 [-0. -1. -0.]
 [ 1. -0. -1.]]",[0.3  0.   0.   0.25 0.   0.25 0.   0.2  0.  ],-1
113,"[[-1. -1.  1.]
 [ 0.  1.  0.]
 [-1.  0.  1.]]",[0.   0.   0.   0.03 0.   0.96 0.   0.01 0.  ],1
114,"[[0. 0. 0.]
 [0. 0. 0.]
 [0. 0. 0.]]",[0.13 0.12 0.15 0.11 0.12 0.01 0.13 0.11 0.12],1
115,"[[-0. -0. -1.]
 [-0. -0. -0.]
 [-0. -0. -0.]]",[0.14 0.13 0.   0.13 0.12 0.1  0.14 0.11 0.13],-1
116,"[[-1.  0.  1.]
 [ 0.  0.  0.]
 [ 0.  0.  0.]]",[0.   0.12 0.   0.11 0.11 0.09 0.19 0.11 0.27],1
117,"[[ 1. -0. -1.]
 [-0. -0. -0.]
 [-0. -0. -1.]]",[0.   0.13 0.   0.12 0.12 0.37 0.14 0.12 0.  ],-1
118,"[[-1.  0.  1.]
 [ 0.  0. -1.]
 [ 0.  0.  1.]]",[0.   0.09 0.   0.01 0.08 0.   0.81 0.01 0.  ],1
119,"[[ 1. -0. -1.]
 [-0. -0.  1.]
 [-1. -0. -1.]]",[0.   0.33 0.   0.21 0.23 0.   0.   0.23 0.  ],-1
120,"[[-1. -1.  1.]
 [ 0.  0. -1.]
 [ 1.  0.  1.]]",[0.   0.   0.   0.01 0.6  0.   0.   0.39 0.  ],1
121,"[[0. 0. 0.]
 [0. 0. 0.]
 [0. 0. 0.]]",[0.12 0.12 0.12 0.11 0.05 0.1  0.14 0.1  0.14],1
122,"[[-0. -0. -0.]
 [-0. -0. -0.]
 [-1. -0. -0.]]",[0.21 0.13 0.12 0.11 0.11 0.09 0.   0.11 0.12],-1
123,"[[-1.  0.  0.]
 [ 0.  0.  0.]
 [ 1.  0.  0.]]",[0.   0.12 0.25 0.1  0.11 0.1  0.   0.16 0.16],1
124,"[[ 1. -0. -1.]
 [-0. -0. -0.]
 [-1. -0. -0.]]",[0.   0.13 0.   0.12 0.36 0.14 0.   0.12 0.13],-1
125,"[[-1.  0.  1.]
 [ 0. -1.  0.]
 [ 1.  0.  0.]]",[0.   0.06 0.   0.01 0.   0.01 0.   0.01 0.91],1
126,"[[ 1. -0. -1.]
 [-0.  1. -0.]
 [-1. -0. -1.]]",[0.   0.27 0.   0.18 0.   0.21 0.   0.34 0.  ],-1
127,"[[-1.  0.  1.]
 [ 0. -1.  0.]
 [ 1. -1.  1.]]",[0.   0.03 0.   0.02 0.   0.95 0.   0.   0.  ],1
128,"[[0. 0. 0.]
 [0. 0. 0.]
 [0. 0. 0.]]",[0.12 0.15 0.13 0.01 0.13 0.1  0.13 0.11 0.12],0
129,"[[-0. -1. -0.]
 [-0. -0. -0.]
 [-0. -0. -0.]]",[0.13 0.   0.14 0.13 0.13 0.1  0.14 0.11 0.12],0
130,"[[ 0.  1. -1.]
 [ 0.  0.  0.]
 [ 0.  0.  0.]]",[0.12 0.   0.   0.11 0.23 0.1  0.21 0.12 0.11],0
131,"[[-0. -1.  1.]
 [-0. -1. -0.]
 [-0. -0. -0.]]",[0.1  0.   0.   0.09 0.   0.11 0.1  0.51 0.09],0
132,"[[ 0.  1. -1.]
 [ 0.  1.  0.]
 [ 0. -1.  0.]]",[0.11 0.   0.   0.22 0.   0.29 0.24 0.   0.14],0
133,"[[-0. -1.  1.]
 [-0. -1. -1.]
 [-0.  1. -0.]]",[0.07 0.   0.   0.79 0.   0.   0.08 0.   0.06],0
134,"[[ 0.  1. -1.]
 [-1.  1.  1.]
 [ 0. -1.  0.]]",[0.35 0.   0.   0.   0.   0.   0.33 0.   0.32],0
135,"[[-1. -1.  1.]
 [ 1. -1. -1.]
 [-0.  1. -0.]]",[0.   0.   0.   0.   0.   0.   0.03 0.   0.97],0
136,"[[ 1.  1. -1.]
 [-1.  1.  1.]
 [ 0. -1. -1.]]",[0. 0. 0. 0. 0. 0. 1. 0. 0.],0
137,"[[0. 0. 0.]
 [0. 0. 0.]
 [0. 0. 0.]]",[0.09 0.1  0.25 0.11 0.01 0.11 0.11 0.11 0.11],1
138,"[[-0. -0. -1.]
 [-0. -0. -0.]
 [-0. -0. -0.]]",[0.15 0.14 0.   0.12 0.12 0.1  0.13 0.11 0.13],-1
139,"[[-1.  0.  1.]
 [ 0.  0.  0.]
 [ 0.  0.  0.]]",[0.   0.12 0.   0.1  0.12 0.11 0.18 0.1  0.27],1
140,"[[ 1. -0. -1.]
 [-0. -0. -0.]
 [-0. -0. -1.]]",[0.   0.14 0.   0.12 0.12 0.37 0.13 0.12 0.  ],-1
141,"[[-1.  0.  1.]
 [ 0.  0. -1.]
 [ 0.  0.  1.]]",[0.   0.01 0.   0.01 0.04 0.   0.88 0.06 0.  ],1
142,"[[ 1. -0. -1.]
 [-0. -0.  1.]
 [-1. -0. -1.]]",[0.   0.2  0.   0.16 0.37 0.   0.   0.27 0.  ],-1
143,"[[-1.  0.  1.]
 [ 0. -1. -1.]
 [ 1.  0.  1.]]",[0.   0.02 0.   0.06 0.   0.   0.   0.92 0.  ],1
144,"[[0. 0. 0.]
 [0. 0. 0.]
 [0. 0. 0.]]",[0.11 0.11 0.11 0.11 0.11 0.05 0.16 0.12 0.12],1
145,"[[-0. -0. -0.]
 [-0. -0. -0.]
 [-1. -0. -0.]]",[0.15 0.13 0.15 0.12 0.12 0.1  0.   0.11 0.12],-1
146,"[[-1.  0.  0.]
 [ 0.  0.  0.]
 [ 1.  0.  0.]]",[0.   0.18 0.24 0.11 0.12 0.11 0.   0.11 0.13],1
147,"[[ 1. -0. -1.]
 [-0. -0. -0.]
 [-1. -0. -0.]]",[0.   0.14 0.   0.12 0.36 0.12 0.   0.13 0.13],-1
148,"[[-1.  0.  1.]
 [ 0. -1.  0.]
 [ 1.  0.  0.]]",[0.   0.07 0.   0.01 0.   0.01 0.   0.06 0.85],1
149,"[[ 1. -0. -1.]
 [-0.  1. -0.]
 [-1. -0. -1.]]",[0.   0.22 0.   0.23 0.   0.24 0.   0.31 0.  ],-1
150,"[[-1.  0.  1.]
 [ 0. -1.  0.]
 [ 1. -1.  1.]]",[0.   0.05 0.   0.02 0.   0.93 0.   0.   0.  ],1
151,"[[0. 0. 0.]
 [0. 0. 0.]
 [0. 0. 0.]]",[0.11 0.12 0.15 0.1  0.13 0.09 0.08 0.1  0.12],1
152,"[[-0. -0. -1.]
 [-0. -0. -0.]
 [-0. -0. -0.]]",[0.22 0.13 0.   0.1  0.11 0.1  0.13 0.1  0.11],-1
153,"[[-1.  0.  1.]
 [ 0.  0.  0.]
 [ 0.  0.  0.]]",[0.   0.12 0.   0.1  0.12 0.1  0.19 0.1  0.27],1
154,"[[ 1. -0. -1.]
 [-0. -0. -0.]
 [-0. -0. -1.]]",[0.   0.13 0.   0.12 0.12 0.38 0.13 0.12 0.  ],-1
155,"[[-1.  0.  1.]
 [ 0.  0. -1.]
 [ 0.  0.  1.]]",[0.   0.04 0.   0.04 0.01 0.   0.9  0.01 0.  ],1
156,"[[ 1. -0. -1.]
 [-0. -0.  1.]
 [-1. -0. -1.]]",[0.   0.25 0.   0.27 0.22 0.   0.   0.26 0.  ],-1
157,"[[-1.  0.  1.]
 [-1.  0. -1.]
 [ 1.  0.  1.]]",[0.   0.02 0.   0.   0.49 0.   0.   0.49 0.  ],1
158,"[[0. 0. 0.]
 [0. 0. 0.]
 [0. 0. 0.]]",[0.15 0.11 0.13 0.11 0.11 0.07 0.13 0.11 0.08],1
159,"[[-1. -0. -0.]
 [-0. -0. -0.]
 [-0. -0. -0.]]",[0.   0.13 0.14 0.11 0.12 0.11 0.14 0.12 0.13],-1
160,"[[ 1.  0. -1.]
 [ 0.  0.  0.]
 [ 0.  0.  0.]]",[0.   0.11 0.   0.12 0.11 0.1  0.29 0.1  0.17],1
161,"[[-1. -0.  1.]
 [-0. -0. -0.]
 [-1. -0. -0.]]",[0.   0.12 0.   0.45 0.12 0.09 0.   0.11 0.11],-1
162,"[[ 1.  0. -1.]
 [-1.  0.  0.]
 [ 1.  0.  0.]]",[0.   0.09 0.   0.   0.12 0.06 0.   0.01 0.72],1
163,"[[-1. -0.  1.]
 [ 1. -0. -0.]
 [-1. -0. -1.]]",[0.   0.25 0.   0.   0.31 0.18 0.   0.26 0.  ],-1
164,"[[ 1.  0. -1.]
 [-1. -1.  0.]
 [ 1.  0.  1.]]",[0.   0.02 0.   0.   0.   0.05 0.   0.93 0.  ],1
165,"[[0. 0. 0.]
 [0. 0. 0.]
 [0. 0. 0.]]",[0.12 0.14 0.13 0.09 0.11 0.01 0.14 0.14 0.12],0
166,"[[-0. -1. -0.]
 [-0. -0. -0.]
 [-0. -0. -0.]]",[0.13 0.   0.16 0.11 0.12 0.11 0.13 0.12 0.12],0
167,"[[ 0.  1. -1.]
 [ 0.  0.  0.]
 [ 0.  0.  0.]]",[0.22 0.   0.   0.09 0.23 0.1  0.12 0.12 0.12],0
168,"[[-0. -1.  1.]
 [-0. -1. -0.]
 [-0. -0. -0.]]",[0.1  0.   0.   0.09 0.   0.09 0.1  0.53 0.09],0
169,"[[ 0.  1. -1.]
 [ 0.  1.  0.]
 [ 0. -1.  0.]]",[0.14 0.   0.   0.22 0.   0.26 0.19 0.   0.19],0
170,"[[-0. -1.  1.]
 [-0. -1. -1.]
 [-0.  1. -0.]]",[0.07 0.   0.   0.79 0.   0.   0.07 0.   0.07],0
171,"[[ 0.  1. -1.]
 [-1.  1.  1.]
 [ 0. -1.  0.]]",[0.25 0.   0.   0.   0.   0.   0.38 0.   0.37],0
172,"[[-0. -1.  1.]
 [ 1. -1. -1.]
 [-1.  1. -0.]]",[0.48 0.   0.   0.   0.   0.   0.   0.   0.52],0
173,"[[ 0.  1. -1.]
 [-1.  1.  1.]
 [ 1. -1. -1.]]",[1. 0. 0. 0. 0. 0. 0. 0. 0.],0
174,"[[0. 0. 0.]
 [0. 0. 0.]
 [0. 0. 0.]]",[0.14 0.12 0.15 0.01 0.12 0.1  0.13 0.11 0.12],1
175,"[[-0. -0. -1.]
 [-0. -0. -0.]
 [-0. -0. -0.]]",[0.23 0.11 0.   0.11 0.12 0.1  0.12 0.1  0.11],-1
176,"[[-1.  0.  1.]
 [ 0.  0.  0.]
 [ 0.  0.  0.]]",[0.   0.12 0.   0.1  0.12 0.1  0.18 0.1  0.28],1
177,"[[ 1. -0. -1.]
 [-0. -0. -0.]
 [-0. -0. -1.]]",[0.   0.12 0.   0.13 0.12 0.37 0.13 0.13 0.  ],-1
178,"[[-1.  0.  1.]
 [ 0.  0. -1.]
 [ 0.  0.  1.]]",[0.   0.08 0.   0.01 0.09 0.   0.81 0.01 0.  ],1
179,"[[ 1. -0. -1.]
 [-0. -0.  1.]
 [-1. -0. -1.]]",[0.   0.28 0.   0.19 0.24 0.   0.   0.29 0.  ],-1
180,"[[-1.  0.  1.]
 [ 0.  0. -1.]
 [ 1. -1.  1.]]",[0.   0.04 0.   0.06 0.9  0.   0.   0.   0.  ],1
181,"[[0. 0. 0.]
 [0. 0. 0.]
 [0. 0. 0.]]",[0.15 0.13 0.14 0.1  0.04 0.09 0.14 0.11 0.1 ],1
182,"[[-1. -0. -0.]
 [-0. -0. -0.]
 [-0. -0. -0.]]",[0.   0.14 0.15 0.11 0.13 0.11 0.13 0.11 0.12],-1
183,"[[ 1.  0. -1.]
 [ 0.  0.  0.]
 [ 0.  0.  0.]]",[0.   0.12 0.   0.11 0.11 0.09 0.29 0.1  0.18],1
184,"[[-1. -0.  1.]
 [-0. -0. -0.]
 [-1. -0. -0.]]",[0.   0.11 0.   0.44 0.11 0.1  0.   0.12 0.12],-1
185,"[[ 1.  0. -1.]
 [-1.  0.  0.]
 [ 1.  0.  0.]]",[0.   0.08 0.   0.   0.03 0.02 0.   0.01 0.86],1
186,"[[-1. -0.  1.]
 [ 1. -0. -0.]
 [-1. -0. -1.]]",[0.   0.24 0.   0.   0.26 0.19 0.   0.31 0.  ],-1
187,"[[ 1.  0. -1.]
 [-1.  0.  0.]
 [ 1. -1.  1.]]",[0.   0.04 0.   0.   0.95 0.01 0.   0.   0.  ],1
188,"[[0. 0. 0.]
 [0. 0. 0.]
 [0. 0. 0.]]",[0.15 0.1  0.12 0.09 0.12 0.07 0.12 0.14 0.09],1
189,"[[-1. -0. -0.]
 [-0. -0. -0.]
 [-0. -0. -0.]]",[0.   0.13 0.14 0.14 0.12 0.11 0.13 0.11 0.12],-1
190,"[[ 1.  0. -1.]
 [ 0.  0.  0.]
 [ 0.  0.  0.]]",[0.   0.2  0.   0.11 0.1  0.09 0.29 0.09 0.12],1
191,"[[-1. -0.  1.]
 [-0. -0. -0.]
 [-1. -0. -0.]]",[0.   0.13 0.   0.44 0.11 0.11 0.   0.1  0.11],-1
192,"[[ 1.  0. -1.]
 [-1.  0.  0.]
 [ 1.  0.  0.]]",[0.   0.08 0.   0.   0.13 0.07 0.   0.12 0.6 ],1
193,"[[-1. -0.  1.]
 [ 1. -0. -0.]
 [-1. -0. -1.]]",[0.   0.23 0.   0.   0.32 0.15 0.   0.3  0.  ],-1
194,"[[ 1.  0. -1.]
 [-1. -1.  0.]
 [ 1.  0.  1.]]",[0.   0.02 0.   0.   0.   0.05 0.   0.93 0.  ],1
195,"[[0. 0. 0.]
 [0. 0. 0.]
 [0. 0. 0.]]",[0.13 0.12 0.13 0.01 0.12 0.1  0.15 0.12 0.12],1
196,"[[-0. -0. -0.]
 [-0. -0. -0.]
 [-1. -0. -0.]]",[0.13 0.13 0.13 0.11 0.12 0.1  0.   0.12 0.16],-1
197,"[[ 0.  0.  0.]
 [ 0.  0.  0.]
 [ 1.  0. -1.]]",[0.37 0.1  0.12 0.12 0.1  0.09 0.   0.1  0.  ],1
198,"[[-1. -0. -0.]
 [-0. -0. -0.]
 [-1. -0.  1.]]",[0.   0.15 0.16 0.28 0.15 0.13 0.   0.13 0.  ],-1
199,"[[ 1.  0.  0.]
 [-1.  0.  0.]
 [ 1.  0. -1.]]",[0.   0.03 0.82 0.   0.08 0.03 0.   0.04 0.  ],1
200,"[[-1. -0. -1.]
 [ 1. -0. -0.]
 [-1. -0.  1.]]",[0.   0.31 0.   0.   0.32 0.16 0.   0.21 0.  ],-1
201,"[[ 1.  0.  1.]
 [-1. -1.  0.]
 [ 1.  0. -1.]]",[0.   0.93 0.   0.   0.   0.04 0.   0.03 0.  ],1
202,"[[0. 0. 0.]
 [0. 0. 0.]
 [0. 0. 0.]]",[0.12 0.11 0.14 0.06 0.12 0.09 0.11 0.11 0.14],1
203,"[[-0. -0. -1.]
 [-0. -0. -0.]
 [-0. -0. -0.]]",[0.14 0.13 0.   0.11 0.14 0.1  0.14 0.12 0.12],-1
204,"[[-1.  0.  1.]
 [ 0.  0.  0.]
 [ 0.  0.  0.]]",[0.   0.14 0.   0.1  0.11 0.1  0.19 0.1  0.26],1
205,"[[ 1. -0. -1.]
 [-0. -0. -0.]
 [-0. -0. -1.]]",[0.   0.13 0.   0.12 0.13 0.36 0.14 0.12 0.  ],-1
206,"[[-1.  0.  1.]
 [ 0.  0. -1.]
 [ 0.  0.  1.]]",[0.   0.03 0.   0.03 0.04 0.   0.86 0.04 0.  ],1
207,"[[ 1. -0. -1.]
 [-0. -0.  1.]
 [-1. -0. -1.]]",[0.   0.26 0.   0.22 0.23 0.   0.   0.29 0.  ],-1
208,"[[-1.  0.  1.]
 [ 0.  0. -1.]
 [ 1. -1.  1.]]",[0.   0.04 0.   0.05 0.91 0.   0.   0.   0.  ],1
209,"[[0. 0. 0.]
 [0. 0. 0.]
 [0. 0. 0.]]",[0.13 0.12 0.13 0.02 0.12 0.1  0.13 0.11 0.14],1
210,"[[-0. -0. -0.]
 [-0. -0. -0.]
 [-0. -0. -1.]]",[0.14 0.12 0.14 0.11 0.13 0.11 0.13 0.12 0.  ],-1
211,"[[-1.  0.  0.]
 [ 0.  0.  0.]
 [ 0.  0.  1.]]",[0.   0.12 0.34 0.09 0.1  0.08 0.17 0.1  0.  ],1
212,"[[ 1. -0. -1.]
 [-0. -0. -0.]
 [-0. -0. -1.]]",[0.   0.13 0.   0.12 0.13 0.36 0.14 0.12 0.  ],-1
213,"[[-1.  0.  1.]
 [ 0.  0. -1.]
 [ 0.  0.  1.]]",[0.   0.08 0.   0.01 0.08 0.   0.76 0.07 0.  ],1
214,"[[ 1. -0. -1.]
 [-0. -0.  1.]
 [-1. -0. -1.]]",[0.   0.27 0.   0.23 0.25 0.   0.   0.25 0.  ],-1
215,"[[-1. -1.  1.]
 [ 0.  0. -1.]
 [ 1.  0.  1.]]",[0.   0.   0.   0.22 0.37 0.   0.   0.41 0.  ],1
216,"[[0. 0. 0.]
 [0. 0. 0.]
 [0. 0. 0.]]",[0.15 0.12 0.12 0.1  0.05 0.11 0.12 0.11 0.12],1
217,"[[-1. -0. -0.]
 [-0. -0. -0.]
 [-0. -0. -0.]]",[0.   0.13 0.15 0.11 0.12 0.11 0.14 0.12 0.12],-1
218,"[[ 1.  0. -1.]
 [ 0.  0.  0.]
 [ 0.  0.  0.]]",[0.   0.21 0.   0.09 0.1  0.09 0.29 0.09 0.13],1
219,"[[-1. -0.  1.]
 [-0. -0. -0.]
 [-1. -0. -0.]]",[0.   0.12 0.   0.45 0.1  0.1  0.   0.1  0.13],-1
220,"[[ 1.  0. -1.]
 [-1.  0.  0.]
 [ 1.  0.  0.]]",[0.   0.09 0.   0.   0.01 0.07 0.   0.11 0.72],1
221,"[[-1. -0.  1.]
 [ 1. -0. -0.]
 [-1. -0. -1.]]",[0.   0.28 0.   0.   0.23 0.23 0.   0.26 0.  ],-1
222,"[[ 1. -1. -1.]
 [-1.  0.  0.]
 [ 1.  0.  1.]]",[0.   0.   0.   0.   0.4  0.01 0.   0.59 0.  ],1
223,"[[0. 0. 0.]
 [0. 0. 0.]
 [0. 0. 0.]]",[0.16 0.13 0.12 0.1  0.1  0.05 0.12 0.1  0.12],1
224,"[[-1. -0. -0.]
 [-0. -0. -0.]
 [-0. -0. -0.]]",[0.   0.13 0.16 0.11 0.12 0.11 0.14 0.11 0.12],-1
225,"[[ 1.  0. -1.]
 [ 0.  0.  0.]
 [ 0.  0.  0.]]",[0.   0.11 0.   0.13 0.1  0.09 0.29 0.09 0.19],1
226,"[[-1. -0.  1.]
 [-0. -0. -0.]
 [-1. -0. -0.]]",[0.   0.11 0.   0.45 0.11 0.1  0.   0.1  0.13],-1
227,"[[ 1.  0. -1.]
 [-1.  0.  0.]
 [ 1.  0.  0.]]",[0.   0.09 0.   0.   0.13 0.08 0.   0.12 0.58],1
228,"[[-1. -0.  1.]
 [ 1. -0. -0.]
 [-1. -0. -1.]]",[0.   0.31 0.   0.   0.27 0.16 0.   0.26 0.  ],-1
229,"[[ 1. -1. -1.]
 [-1.  0.  0.]
 [ 1.  0.  1.]]",[0.   0.   0.   0.   0.38 0.01 0.   0.61 0.  ],1
230,"[[0. 0. 0.]
 [0. 0. 0.]
 [0. 0. 0.]]",[0.11 0.15 0.12 0.1  0.13 0.06 0.11 0.11 0.11],0
231,"[[-0. -1. -0.]
 [-0. -0. -0.]
 [-0. -0. -0.]]",[0.12 0.   0.13 0.11 0.11 0.1  0.21 0.1  0.12],0
232,"[[ 0.  1.  0.]
 [ 0.  0.  0.]
 [-1.  0.  0.]]",[0.2  0.   0.13 0.1  0.24 0.1  0.   0.12 0.11],0
233,"[[-0. -1. -0.]
 [-0. -1. -0.]
 [ 1. -0. -0.]]",[0.08 0.   0.09 0.07 0.   0.07 0.   0.61 0.08],0
234,"[[ 0.  1.  0.]
 [ 0.  1.  0.]
 [-1. -1.  0.]]",[0.08 0.   0.08 0.07 0.   0.07 0.   0.   0.7 ],0
235,"[[-0. -1. -0.]
 [-0. -1. -0.]
 [ 1.  1. -1.]]",[0.84 0.   0.06 0.05 0.   0.05 0.   0.   0.  ],0
236,"[[-1.  1.  0.]
 [ 0.  1.  0.]
 [-1. -1.  1.]]",[0.   0.   0.06 0.9  0.   0.04 0.   0.   0.  ],0
237,"[[ 1. -1. -0.]
 [-1. -1. -0.]
 [ 1.  1. -1.]]",[0.   0.   0.04 0.   0.   0.96 0.   0.   0.  ],0
238,"[[-1.  1.  0.]
 [ 1.  1. -1.]
 [-1. -1.  1.]]",[0. 0. 1. 0. 0. 0. 0. 0. 0.],0
239,"[[0. 0. 0.]
 [0. 0. 0.]
 [0. 0. 0.]]",[0.12 0.12 0.12 0.11 0.12 0.11 0.15 0.1  0.05],1
240,"[[-0. -0. -0.]
 [-0. -0. -0.]
 [-1. -0. -0.]]",[0.15 0.13 0.14 0.11 0.13 0.1  0.   0.11 0.13],-1
241,"[[-1.  0.  0.]
 [ 0.  0.  0.]
 [ 1.  0.  0.]]",[0.   0.12 0.24 0.11 0.15 0.11 0.   0.11 0.16],1
242,"[[ 1. -0. -1.]
 [-0. -0. -0.]
 [-1. -0. -0.]]",[0.   0.13 0.   0.14 0.36 0.12 0.   0.13 0.12],-1
243,"[[-1.  0.  1.]
 [ 0. -1.  0.]
 [ 1.  0.  0.]]",[0.   0.01 0.   0.01 0.   0.01 0.   0.06 0.91],1
244,"[[ 1. -0. -1.]
 [-0.  1. -0.]
 [-1. -0. -1.]]",[0.   0.23 0.   0.21 0.   0.26 0.   0.3  0.  ],-1
245,"[[-1.  0.  1.]
 [ 0. -1.  0.]
 [ 1. -1.  1.]]",[0.   0.06 0.   0.02 0.   0.92 0.   0.   0.  ],1
246,"[[0. 0. 0.]
 [0. 0. 0.]
 [0. 0. 0.]]",[0.12 0.12 0.15 0.1  0.12 0.07 0.13 0.11 0.08],1
247,"[[-0. -0. -1.]
 [-0. -0. -0.]
 [-0. -0. -0.]]",[0.15 0.14 0.   0.12 0.12 0.11 0.13 0.11 0.12],-1
248,"[[-1.  0.  1.]
 [ 0.  0.  0.]
 [ 0.  0.  0.]]",[0.   0.12 0.   0.1  0.11 0.09 0.24 0.11 0.23],1
249,"[[ 1. -0. -1.]
 [-0. -0. -0.]
 [-1. -0. -0.]]",[0.   0.13 0.   0.13 0.36 0.13 0.   0.12 0.13],-1
250,"[[-1.  0.  1.]
 [ 0. -1.  0.]
 [ 1.  0.  0.]]",[0.   0.01 0.   0.01 0.   0.01 0.   0.04 0.93],1
251,"[[ 1. -0. -1.]
 [-0.  1. -0.]
 [-1. -0. -1.]]",[0.   0.23 0.   0.16 0.   0.35 0.   0.26 0.  ],-1
252,"[[-1.  0.  1.]
 [ 0. -1. -1.]
 [ 1.  0.  1.]]",[0.   0.02 0.   0.05 0.   0.   0.   0.93 0.  ],1
253,"[[0. 0. 0.]
 [0. 0. 0.]
 [0. 0. 0.]]",[0.13 0.14 0.13 0.02 0.12 0.11 0.12 0.12 0.11],0
254,"[[-0. -1. -0.]
 [-0. -0. -0.]
 [-0. -0. -0.]]",[0.15 0.   0.14 0.11 0.12 0.1  0.13 0.12 0.13],0
255,"[[-1.  1.  0.]
 [ 0.  0.  0.]
 [ 0.  0.  0.]]",[0.   0.   0.13 0.1  0.24 0.12 0.16 0.13 0.12],0
256,"[[ 1. -1. -0.]
 [-0. -1. -0.]
 [-0. -0. -0.]]",[0.   0.   0.1  0.1  0.   0.08 0.09 0.53 0.1 ],0
257,"[[-1.  1.  0.]
 [ 0.  1.  0.]
 [ 0. -1.  0.]]",[0.   0.   0.1  0.42 0.   0.19 0.16 0.   0.13],0
258,"[[ 1. -1. -0.]
 [-1. -1. -0.]
 [-0.  1. -0.]]",[0.   0.   0.06 0.   0.   0.8  0.07 0.   0.07],0
259,"[[-1.  1.  0.]
 [ 1.  1. -1.]
 [ 0. -1.  0.]]",[0.   0.   0.32 0.   0.   0.   0.42 0.   0.26],0
260,"[[ 1. -1. -0.]
 [-1. -1.  1.]
 [-1.  1. -0.]]",[0.   0.   0.96 0.   0.   0.   0.   0.   0.04],0
261,"[[-1.  1. -1.]
 [ 1.  1. -1.]
 [ 1. -1.  0.]]",[0. 0. 0. 0. 0. 0. 0. 0. 1.],0
262,"[[0. 0. 0.]
 [0. 0. 0.]
 [0. 0. 0.]]",[0.12 0.11 0.14 0.12 0.14 0.03 0.12 0.11 0.11],1
263,"[[-0. -0. -1.]
 [-0. -0. -0.]
 [-0. -0. -0.]]",[0.17 0.13 0.   0.11 0.13 0.1  0.13 0.11 0.12],-1
264,"[[-1.  0.  1.]
 [ 0.  0.  0.]
 [ 0.  0.  0.]]",[0.   0.11 0.   0.11 0.12 0.1  0.19 0.1  0.27],1
265,"[[ 1. -0. -1.]
 [-0. -0. -0.]
 [-0. -0. -1.]]",[0.   0.14 0.   0.14 0.12 0.36 0.13 0.11 0.  ],-1
266,"[[-1.  0.  1.]
 [ 0.  0. -1.]
 [ 0.  0.  1.]]",[0.   0.01 0.   0.03 0.04 0.   0.91 0.01 0.  ],1
267,"[[ 1. -0. -1.]
 [-0. -0.  1.]
 [-1. -0. -1.]]",[0.   0.24 0.   0.18 0.26 0.   0.   0.32 0.  ],-1
268,"[[-1.  0.  1.]
 [ 0.  0. -1.]
 [ 1. -1.  1.]]",[0.   0.05 0.   0.03 0.92 0.   0.   0.   0.  ],1
269,"[[0. 0. 0.]
 [0. 0. 0.]
 [0. 0. 0.]]",[0.15 0.11 0.13 0.11 0.06 0.1  0.13 0.1  0.11],1
270,"[[-1. -0. -0.]
 [-0. -0. -0.]
 [-0. -0. -0.]]",[0.   0.13 0.14 0.11 0.12 0.11 0.14 0.12 0.13],-1
271,"[[ 1.  0. -1.]
 [ 0.  0.  0.]
 [ 0.  0.  0.]]",[0.   0.12 0.   0.11 0.1  0.09 0.29 0.1  0.19],1
272,"[[-1. -0.  1.]
 [-0. -0. -0.]
 [-1. -0. -0.]]",[0.   0.12 0.   0.46 0.11 0.11 0.   0.1  0.1 ],-1
273,"[[ 1.  0. -1.]
 [-1.  0.  0.]
 [ 1.  0.  0.]]",[0.   0.01 0.   0.   0.12 0.01 0.   0.12 0.74],1
274,"[[-1. -0.  1.]
 [ 1. -0. -0.]
 [-1. -0. -1.]]",[0.   0.28 0.   0.   0.3  0.16 0.   0.26 0.  ],-1
275,"[[ 1.  0. -1.]
 [-1. -1.  0.]
 [ 1.  0.  1.]]",[0.   0.02 0.   0.   0.   0.01 0.   0.97 0.  ],1
276,"[[0. 0. 0.]
 [0. 0. 0.]
 [0. 0. 0.]]",[0.13 0.12 0.15 0.02 0.12 0.1  0.13 0.11 0.12],1
277,"[[-0. -0. -1.]
 [-0. -0. -0.]
 [-0. -0. -0.]]",[0.17 0.13 0.   0.11 0.12 0.1  0.13 0.12 0.12],-1
278,"[[-1.  0.  1.]
 [ 0.  0.  0.]
 [ 0.  0.  0.]]",[0.   0.12 0.   0.1  0.11 0.11 0.24 0.1  0.22],1
279,"[[ 1. -0. -1.]
 [-0. -0. -0.]
 [-1. -0. -0.]]",[0.   0.13 0.   0.13 0.36 0.13 0.   0.13 0.12],-1
280,"[[-1.  0.  1.]
 [ 0. -1.  0.]
 [ 1.  0.  0.]]",[0.   0.06 0.   0.01 0.   0.02 0.   0.01 0.9 ],1
281,"[[ 1. -0. -1.]
 [-0.  1. -0.]
 [-1. -0. -1.]]",[0.   0.23 0.   0.17 0.   0.28 0.   0.32 0.  ],-1
282,"[[-1.  0.  1.]
 [ 0. -1.  0.]
 [ 1. -1.  1.]]",[0.   0.06 0.   0.01 0.   0.93 0.   0.   0.  ],1
283,"[[0. 0. 0.]
 [0. 0. 0.]
 [0. 0. 0.]]",[0.13 0.12 0.14 0.1  0.12 0.11 0.15 0.02 0.11],1
284,"[[-0. -0. -0.]
 [-0. -0. -0.]
 [-1. -0. -0.]]",[0.14 0.15 0.14 0.11 0.12 0.1  0.   0.11 0.13],-1
285,"[[ 0. -1.  0.]
 [ 0.  0.  0.]
 [ 1.  0.  0.]]",[0.34 0.   0.2  0.09 0.1  0.08 0.   0.09 0.1 ],1
286,"[[-1.  1. -0.]
 [-0. -0. -0.]
 [-1. -0. -0.]]",[0.   0.   0.13 0.35 0.15 0.12 0.   0.12 0.13],-1
287,"[[ 1. -1.  0.]
 [-1.  0.  0.]
 [ 1.  0.  0.]]",[0.   0.   0.01 0.   0.03 0.03 0.   0.04 0.89],1
288,"[[-1.  1. -0.]
 [ 1. -0. -0.]
 [-1. -0. -1.]]",[0.   0.   0.26 0.   0.31 0.19 0.   0.24 0.  ],-1
289,"[[ 1. -1.  0.]
 [-1. -1.  0.]
 [ 1.  0.  1.]]",[0.   0.   0.02 0.   0.   0.01 0.   0.97 0.  ],1
290,"[[0. 0. 0.]
 [0. 0. 0.]
 [0. 0. 0.]]",[0.15 0.15 0.13 0.01 0.11 0.1  0.12 0.11 0.12],1
291,"[[-1. -0. -0.]
 [-0. -0. -0.]
 [-0. -0. -0.]]",[0.   0.13 0.15 0.11 0.12 0.1  0.14 0.11 0.14],-1
292,"[[ 1.  0. -1.]
 [ 0.  0.  0.]
 [ 0.  0.  0.]]",[0.   0.11 0.   0.12 0.11 0.09 0.35 0.1  0.12],1
293,"[[-1. -0.  1.]
 [-0. -0. -0.]
 [-1. -0. -0.]]",[0.   0.12 0.   0.45 0.11 0.09 0.   0.12 0.11],-1
294,"[[ 1.  0. -1.]
 [-1.  0.  0.]
 [ 1.  0.  0.]]",[0.   0.09 0.   0.   0.13 0.01 0.   0.01 0.76],1
295,"[[-1. -0.  1.]
 [ 1. -0. -0.]
 [-1. -0. -1.]]",[0.   0.25 0.   0.   0.26 0.23 0.   0.26 0.  ],-1
296,"[[ 1.  0. -1.]
 [-1. -1.  0.]
 [ 1.  0.  1.]]",[0.   0.02 0.   0.   0.   0.05 0.   0.93 0.  ],1
297,"[[0. 0. 0.]
 [0. 0. 0.]
 [0. 0. 0.]]",[0.13 0.13 0.13 0.01 0.13 0.1  0.13 0.11 0.13],1
298,"[[-1. -0. -0.]
 [-0. -0. -0.]
 [-0. -0. -0.]]",[0.   0.14 0.13 0.11 0.13 0.11 0.14 0.11 0.13],-1
299,"[[ 1. -1.  0.]
 [ 0.  0.  0.]
 [ 0.  0.  0.]]",[0.   0.   0.12 0.09 0.1  0.09 0.31 0.1  0.19],1
300,"[[-1.  1. -0.]
 [-0. -0. -0.]
 [-1. -0. -0.]]",[0.   0.   0.13 0.38 0.13 0.11 0.   0.12 0.13],-1
301,"[[ 1. -1.  0.]
 [-1.  0.  0.]
 [ 1.  0.  0.]]",[0.   0.   0.01 0.   0.79 0.03 0.   0.16 0.01],1
302,"[[-1.  1. -0.]
 [ 1. -1. -0.]
 [-1. -0. -0.]]",[0.   0.   0.27 0.   0.   0.19 0.   0.28 0.26],-1
303,"[[ 1. -1.  0.]
 [-1.  1.  0.]
 [ 1. -1.  0.]]",[0.   0.   0.24 0.   0.   0.03 0.   0.   0.73],1
304,"[[0. 0. 0.]
 [0. 0. 0.]
 [0. 0. 0.]]",[0.13 0.13 0.12 0.04 0.11 0.13 0.12 0.1  0.12],1
305,"[[-1. -0. -0.]
 [-0. -0. -0.]
 [-0. -0. -0.]]",[0.   0.13 0.15 0.12 0.12 0.11 0.13 0.11 0.13],-1
306,"[[ 1.  0. -1.]
 [ 0.  0.  0.]
 [ 0.  0.  0.]]",[0.   0.1  0.   0.12 0.1  0.09 0.28 0.19 0.12],1
307,"[[-1. -0.  1.]
 [-0. -0. -0.]
 [-1. -0. -0.]]",[0.   0.11 0.   0.45 0.11 0.11 0.   0.11 0.11],-1
308,"[[ 1.  0. -1.]
 [-1.  0.  0.]
 [ 1.  0.  0.]]",[0.   0.08 0.   0.   0.11 0.07 0.   0.01 0.73],1
309,"[[-1. -0.  1.]
 [ 1. -0. -0.]
 [-1. -0. -1.]]",[0.   0.24 0.   0.   0.29 0.15 0.   0.32 0.  ],-1
310,"[[ 1.  0. -1.]
 [-1.  0.  0.]
 [ 1. -1.  1.]]",[0.   0.06 0.   0.   0.93 0.01 0.   0.   0.  ],1
311,"[[0. 0. 0.]
 [0. 0. 0.]
 [0. 0. 0.]]",[0.11 0.11 0.14 0.14 0.12 0.04 0.11 0.11 0.12],1
312,"[[-0. -0. -1.]
 [-0. -0. -0.]
 [-0. -0. -0.]]",[0.14 0.13 0.   0.12 0.12 0.1  0.14 0.11 0.14],-1
313,"[[-1.  0.  1.]
 [ 0.  0.  0.]
 [ 0.  0.  0.]]",[0.   0.12 0.   0.1  0.11 0.1  0.2  0.1  0.27],1
314,"[[ 1. -0. -1.]
 [-0. -0. -0.]
 [-0. -0. -1.]]",[0.   0.13 0.   0.11 0.13 0.36 0.13 0.14 0.  ],-1
315,"[[-1.  0.  1.]
 [ 0.  0. -1.]
 [ 0.  0.  1.]]",[0.   0.07 0.   0.01 0.07 0.   0.84 0.01 0.  ],1
316,"[[ 1. -0. -1.]
 [-0. -0.  1.]
 [-1. -0. -1.]]",[0.   0.25 0.   0.17 0.31 0.   0.   0.27 0.  ],-1
317,"[[-1.  0.  1.]
 [ 0. -1. -1.]
 [ 1.  0.  1.]]",[0.   0.02 0.   0.03 0.   0.   0.   0.95 0.  ],1
318,"[[0. 0. 0.]
 [0. 0. 0.]
 [0. 0. 0.]]",[0.13 0.12 0.16 0.11 0.12 0.01 0.12 0.11 0.12],1
319,"[[-0. -0. -1.]
 [-0. -0. -0.]
 [-0. -0. -0.]]",[0.14 0.13 0.   0.12 0.13 0.1  0.14 0.12 0.12],-1
320,"[[-1.  0.  1.]
 [ 0.  0.  0.]
 [ 0.  0.  0.]]",[0.   0.12 0.   0.1  0.11 0.1  0.24 0.11 0.22],1
321,"[[ 1. -0. -1.]
 [-0. -0. -0.]
 [-1. -0. -0.]]",[0.   0.13 0.   0.11 0.37 0.11 0.   0.13 0.15],-1
322,"[[-1.  0.  1.]
 [ 0. -1.  0.]
 [ 1.  0.  0.]]",[0.   0.06 0.   0.06 0.   0.06 0.   0.06 0.76],1
323,"[[ 1. -0. -1.]
 [-0.  1. -0.]
 [-1. -0. -1.]]",[0.   0.24 0.   0.19 0.   0.26 0.   0.31 0.  ],-1
324,"[[-1.  0.  1.]
 [ 0. -1.  0.]
 [ 1. -1.  1.]]",[0.   0.06 0.   0.02 0.   0.92 0.   0.   0.  ],1
325,"[[0. 0. 0.]
 [0. 0. 0.]
 [0. 0. 0.]]",[0.12 0.11 0.16 0.1  0.05 0.11 0.13 0.1  0.12],1
326,"[[-0. -0. -1.]
 [-0. -0. -0.]
 [-0. -0. -0.]]",[0.23 0.12 0.   0.1  0.11 0.1  0.12 0.1  0.12],-1
327,"[[-1.  0.  1.]
 [ 0.  0.  0.]
 [ 0.  0.  0.]]",[0.   0.12 0.   0.1  0.13 0.1  0.18 0.1  0.27],1
328,"[[ 1. -0. -1.]
 [-0. -0. -0.]
 [-0. -0. -1.]]",[0.   0.12 0.   0.12 0.12 0.38 0.14 0.12 0.  ],-1
329,"[[-1.  0.  1.]
 [ 0.  0. -1.]
 [ 0.  0.  1.]]",[0.   0.09 0.   0.01 0.08 0.   0.81 0.01 0.  ],1
330,"[[ 1. -0. -1.]
 [-0. -0.  1.]
 [-1. -0. -1.]]",[0.   0.29 0.   0.19 0.25 0.   0.   0.27 0.  ],-1
331,"[[-1. -1.  1.]
 [ 0.  0. -1.]
 [ 1.  0.  1.]]",[0.   0.   0.   0.11 0.52 0.   0.   0.37 0.  ],1
332,"[[0. 0. 0.]
 [0. 0. 0.]
 [0. 0. 0.]]",[0.15 0.13 0.12 0.11 0.11 0.1  0.12 0.1  0.06],1
333,"[[-1. -0. -0.]
 [-0. -0. -0.]
 [-0. -0. -0.]]",[0.   0.13 0.15 0.11 0.12 0.11 0.13 0.12 0.13],-1
334,"[[ 1.  0. -1.]
 [ 0.  0.  0.]
 [ 0.  0.  0.]]",[0.   0.11 0.   0.09 0.11 0.09 0.32 0.1  0.18],1
335,"[[-1. -0.  1.]
 [-0. -0. -0.]
 [-1. -0. -0.]]",[0.   0.13 0.   0.45 0.1  0.1  0.   0.11 0.11],-1
336,"[[ 1.  0. -1.]
 [-1.  0.  0.]
 [ 1.  0.  0.]]",[0.   0.09 0.   0.   0.12 0.01 0.   0.04 0.74],1
337,"[[-1. -0.  1.]
 [ 1. -0. -0.]
 [-1. -0. -1.]]",[0.   0.28 0.   0.   0.29 0.16 0.   0.27 0.  ],-1
338,"[[ 1.  0. -1.]
 [-1. -1.  0.]
 [ 1.  0.  1.]]",[0.   0.02 0.   0.   0.   0.01 0.   0.97 0.  ],1
339,"[[0. 0. 0.]
 [0. 0. 0.]
 [0. 0. 0.]]",[0.14 0.12 0.12 0.11 0.04 0.1  0.12 0.14 0.11],1
340,"[[-1. -0. -0.]
 [-0. -0. -0.]
 [-0. -0. -0.]]",[0.   0.12 0.15 0.11 0.14 0.1  0.13 0.12 0.13],-1
341,"[[ 1.  0. -1.]
 [ 0.  0.  0.]
 [ 0.  0.  0.]]",[0.   0.12 0.   0.11 0.17 0.09 0.29 0.1  0.12],1
342,"[[-1. -0.  1.]
 [-0. -0. -0.]
 [-1. -0. -0.]]",[0.   0.11 0.   0.45 0.11 0.1  0.   0.12 0.11],-1
343,"[[ 1.  0. -1.]
 [-1.  0.  0.]
 [ 1.  0.  0.]]",[0.   0.08 0.   0.   0.01 0.01 0.   0.07 0.83],1
344,"[[-1. -0.  1.]
 [ 1. -0. -0.]
 [-1. -0. -1.]]",[0.   0.28 0.   0.   0.3  0.19 0.   0.23 0.  ],-1
345,"[[ 1.  0. -1.]
 [-1. -1.  0.]
 [ 1.  0.  1.]]",[0.   0.02 0.   0.   0.   0.01 0.   0.97 0.  ],1
346,"[[0. 0. 0.]
 [0. 0. 0.]
 [0. 0. 0.]]",[0.14 0.13 0.13 0.1  0.11 0.04 0.12 0.11 0.12],1
347,"[[-1. -0. -0.]
 [-0. -0. -0.]
 [-0. -0. -0.]]",[0.   0.13 0.15 0.11 0.12 0.11 0.13 0.12 0.13],-1
348,"[[ 1.  0. -1.]
 [ 0.  0.  0.]
 [ 0.  0.  0.]]",[0.   0.1  0.   0.11 0.1  0.08 0.28 0.1  0.23],1
349,"[[-1. -0.  1.]
 [-0. -0. -0.]
 [-1. -0. -0.]]",[0.   0.12 0.   0.44 0.12 0.1  0.   0.11 0.11],-1
350,"[[ 1.  0. -1.]
 [-1.  0.  0.]
 [ 1.  0.  0.]]",[0.   0.09 0.   0.   0.13 0.07 0.   0.12 0.59],1
351,"[[-1. -0.  1.]
 [ 1. -0. -0.]
 [-1. -0. -1.]]",[0.   0.22 0.   0.   0.29 0.16 0.   0.33 0.  ],-1
352,"[[ 1.  0. -1.]
 [-1.  0.  0.]
 [ 1. -1.  1.]]",[0.   0.04 0.   0.   0.91 0.05 0.   0.   0.  ],1
353,"[[0. 0. 0.]
 [0. 0. 0.]
 [0. 0. 0.]]",[0.15 0.12 0.12 0.11 0.11 0.03 0.14 0.1  0.12],1
354,"[[-1. -0. -0.]
 [-0. -0. -0.]
 [-0. -0. -0.]]",[0.   0.13 0.14 0.11 0.13 0.1  0.14 0.12 0.13],-1
355,"[[ 1.  0. -1.]
 [ 0.  0.  0.]
 [ 0.  0.  0.]]",[0.   0.12 0.   0.12 0.1  0.09 0.29 0.09 0.19],1
356,"[[-1. -0.  1.]
 [-0. -0. -0.]
 [-1. -0. -0.]]",[0.   0.11 0.   0.45 0.12 0.09 0.   0.1  0.13],-1
357,"[[ 1.  0. -1.]
 [-1.  0.  0.]
 [ 1.  0.  0.]]",[0.   0.09 0.   0.   0.13 0.01 0.   0.01 0.76],1
358,"[[-1. -0.  1.]
 [ 1. -0. -0.]
 [-1. -0. -1.]]",[0.   0.22 0.   0.   0.32 0.19 0.   0.27 0.  ],-1
359,"[[ 1.  0. -1.]
 [-1. -1.  0.]
 [ 1.  0.  1.]]",[0.   0.02 0.   0.   0.   0.05 0.   0.93 0.  ],1
360,"[[0. 0. 0.]
 [0. 0. 0.]
 [0. 0. 0.]]",[0.13 0.13 0.14 0.11 0.02 0.1  0.14 0.12 0.11],1
361,"[[-0. -0. -1.]
 [-0. -0. -0.]
 [-0. -0. -0.]]",[0.14 0.13 0.   0.11 0.13 0.11 0.13 0.12 0.13],-1
362,"[[-1.  0.  1.]
 [ 0.  0.  0.]
 [ 0.  0.  0.]]",[0.   0.12 0.   0.1  0.11 0.11 0.19 0.1  0.27],1
363,"[[ 1. -0. -1.]
 [-0. -0. -0.]
 [-0. -0. -1.]]",[0.   0.15 0.   0.11 0.12 0.36 0.13 0.13 0.  ],-1
364,"[[-1.  0.  1.]
 [ 0.  0. -1.]
 [ 0.  0.  1.]]",[0.   0.01 0.   0.01 0.04 0.   0.88 0.06 0.  ],1
365,"[[ 1. -0. -1.]
 [-0. -0.  1.]
 [-1. -0. -1.]]",[0.   0.21 0.   0.23 0.3  0.   0.   0.26 0.  ],-1
366,"[[-1.  0.  1.]
 [ 0. -1. -1.]
 [ 1.  0.  1.]]",[0.   0.02 0.   0.06 0.   0.   0.   0.92 0.  ],1
367,"[[0. 0. 0.]
 [0. 0. 0.]
 [0. 0. 0.]]",[0.13 0.12 0.13 0.01 0.13 0.1  0.15 0.11 0.12],1
368,"[[-0. -0. -0.]
 [-0. -0. -0.]
 [-1. -0. -0.]]",[0.22 0.12 0.12 0.11 0.11 0.1  0.   0.1  0.12],-1
369,"[[-1.  0.  0.]
 [ 0.  0.  0.]
 [ 1.  0.  0.]]",[0.   0.18 0.24 0.11 0.12 0.1  0.   0.11 0.14],1
370,"[[ 1. -0. -1.]
 [-0. -0. -0.]
 [-1. -0. -0.]]",[0.   0.12 0.   0.14 0.37 0.12 0.   0.12 0.13],-1
371,"[[-1.  0.  1.]
 [ 0. -1.  0.]
 [ 1.  0.  0.]]",[0.   0.06 0.   0.01 0.   0.01 0.   0.06 0.86],1
372,"[[ 1. -0. -1.]
 [-0.  1. -0.]
 [-1. -0. -1.]]",[0.   0.22 0.   0.24 0.   0.25 0.   0.29 0.  ],-1
373,"[[-1.  0.  1.]
 [ 0. -1.  0.]
 [ 1. -1.  1.]]",[0.   0.05 0.   0.02 0.   0.93 0.   0.   0.  ],1
374,"[[0. 0. 0.]
 [0. 0. 0.]
 [0. 0. 0.]]",[0.12 0.11 0.12 0.04 0.12 0.1  0.15 0.11 0.13],1
375,"[[-0. -0. -0.]
 [-0. -0. -0.]
 [-1. -0. -0.]]",[0.15 0.13 0.13 0.11 0.12 0.11 0.   0.11 0.14],-1
376,"[[-1.  0.  0.]
 [ 0.  0.  0.]
 [ 1.  0.  0.]]",[0.   0.11 0.36 0.1  0.11 0.1  0.   0.11 0.11],1
377,"[[ 1. -0. -1.]
 [-0. -0. -0.]
 [-1. -0. -0.]]",[0.   0.13 0.   0.13 0.37 0.11 0.   0.13 0.13],-1
378,"[[-1.  0.  1.]
 [ 0. -1.  0.]
 [ 1.  0.  0.]]",[0.   0.06 0.   0.01 0.   0.01 0.   0.01 0.91],1
379,"[[ 1. -0. -1.]
 [-0.  1. -0.]
 [-1. -0. -1.]]",[0.   0.28 0.   0.27 0.   0.22 0.   0.23 0.  ],-1
380,"[[-1. -1.  1.]
 [ 0. -1.  0.]
 [ 1.  0.  1.]]",[0.   0.   0.   0.03 0.   0.58 0.   0.39 0.  ],1
381,"[[0. 0. 0.]
 [0. 0. 0.]
 [0. 0. 0.]]",[0.26 0.12 0.12 0.07 0.1  0.01 0.11 0.1  0.11],1
382,"[[-1. -0. -0.]
 [-0. -0. -0.]
 [-0. -0. -0.]]",[0.   0.13 0.14 0.12 0.13 0.11 0.14 0.11 0.12],-1
383,"[[ 1.  0. -1.]
 [ 0.  0.  0.]
 [ 0.  0.  0.]]",[0.   0.11 0.   0.12 0.11 0.09 0.35 0.1  0.12],1
384,"[[-1. -0.  1.]
 [-0. -0. -0.]
 [-1. -0. -0.]]",[0.   0.12 0.   0.45 0.11 0.11 0.   0.1  0.11],-1
385,"[[ 1.  0. -1.]
 [-1.  0.  0.]
 [ 1.  0.  0.]]",[0.   0.09 0.   0.   0.12 0.07 0.   0.12 0.6 ],1
386,"[[-1. -0.  1.]
 [ 1. -0. -0.]
 [-1. -0. -1.]]",[0.   0.26 0.   0.   0.29 0.23 0.   0.22 0.  ],-1
387,"[[ 1.  0. -1.]
 [-1. -1.  0.]
 [ 1.  0.  1.]]",[0.   0.02 0.   0.   0.   0.01 0.   0.97 0.  ],1
388,"[[0. 0. 0.]
 [0. 0. 0.]
 [0. 0. 0.]]",[0.13 0.14 0.05 0.11 0.11 0.1  0.14 0.11 0.11],0
389,"[[-0. -1. -0.]
 [-0. -0. -0.]
 [-0. -0. -0.]]",[0.17 0.   0.14 0.11 0.12 0.1  0.13 0.11 0.12],0
390,"[[-1.  1.  0.]
 [ 0.  0.  0.]
 [ 0.  0.  0.]]",[0.   0.   0.12 0.1  0.24 0.11 0.19 0.12 0.12],0
391,"[[ 1. -1. -0.]
 [-0. -1. -0.]
 [-0. -0. -0.]]",[0.   0.   0.11 0.09 0.   0.09 0.1  0.51 0.1 ],0
392,"[[-1.  1.  0.]
 [ 0.  1.  0.]
 [ 0. -1.  0.]]",[0.   0.   0.09 0.42 0.   0.2  0.15 0.   0.14],0
393,"[[ 1. -1. -0.]
 [-1. -1. -0.]
 [-0.  1. -0.]]",[0.   0.   0.06 0.   0.   0.81 0.07 0.   0.06],0
394,"[[-1.  1.  0.]
 [ 1.  1. -1.]
 [ 0. -1.  0.]]",[0.   0.   0.22 0.   0.   0.   0.36 0.   0.42],0
395,"[[ 1. -1. -0.]
 [-1. -1.  1.]
 [-0.  1. -1.]]",[0.   0.   0.71 0.   0.   0.   0.29 0.   0.  ],0
396,"[[-1.  1. -1.]
 [ 1.  1. -1.]
 [ 0. -1.  1.]]",[0. 0. 0. 0. 0. 0. 1. 0. 0.],0
397,"[[0. 0. 0.]
 [0. 0. 0.]
 [0. 0. 0.]]",[0.13 0.14 0.14 0.09 0.12 0.01 0.13 0.12 0.12],0
398,"[[-0. -1. -0.]
 [-0. -0. -0.]
 [-0. -0. -0.]]",[0.13 0.   0.16 0.11 0.13 0.1  0.13 0.12 0.12],0
399,"[[ 0.  1. -1.]
 [ 0.  0.  0.]
 [ 0.  0.  0.]]",[0.22 0.   0.   0.11 0.23 0.09 0.11 0.13 0.11],0
400,"[[-0. -1.  1.]
 [-0. -1. -0.]
 [-0. -0. -0.]]",[0.1  0.   0.   0.09 0.   0.09 0.09 0.53 0.1 ],0
401,"[[ 0.  1. -1.]
 [ 0.  1.  0.]
 [ 0. -1.  0.]]",[0.11 0.   0.   0.27 0.   0.29 0.18 0.   0.15],0
402,"[[-0. -1.  1.]
 [-0. -1. -1.]
 [-0.  1. -0.]]",[0.06 0.   0.   0.8  0.   0.   0.08 0.   0.06],0
403,"[[ 0.  1. -1.]
 [-1.  1.  1.]
 [ 0. -1.  0.]]",[0.37 0.   0.   0.   0.   0.   0.37 0.   0.26],0
404,"[[-1. -1.  1.]
 [ 1. -1. -1.]
 [-0.  1. -0.]]",[0.   0.   0.   0.   0.   0.   0.05 0.   0.95],0
405,"[[ 1.  1. -1.]
 [-1.  1.  1.]
 [ 0. -1. -1.]]",[0. 0. 0. 0. 0. 0. 1. 0. 0.],0
406,"[[0. 0. 0.]
 [0. 0. 0.]
 [0. 0. 0.]]",[0.14 0.11 0.12 0.1  0.11 0.1  0.12 0.05 0.15],1
407,"[[-0. -0. -0.]
 [-0. -0. -0.]
 [-0. -0. -1.]]",[0.14 0.13 0.14 0.11 0.12 0.1  0.14 0.12 0.  ],-1
408,"[[-1.  0.  0.]
 [ 0.  0.  0.]
 [ 0.  0.  1.]]",[0.   0.11 0.35 0.09 0.1  0.09 0.16 0.1  0.  ],1
409,"[[ 1. -0. -1.]
 [-0. -0. -0.]
 [-0. -0. -1.]]",[0.   0.12 0.   0.13 0.12 0.36 0.13 0.14 0.  ],-1
410,"[[-1.  0.  1.]
 [ 0.  0. -1.]
 [ 0.  0.  1.]]",[0.   0.09 0.   0.01 0.01 0.   0.77 0.12 0.  ],1
411,"[[ 1. -0. -1.]
 [-0. -0.  1.]
 [-1. -0. -1.]]",[0.   0.21 0.   0.23 0.22 0.   0.   0.34 0.  ],-1
412,"[[-1.  0.  1.]
 [ 0.  0. -1.]
 [ 1. -1.  1.]]",[0.   0.04 0.   0.01 0.95 0.   0.   0.   0.  ],1
413,"[[0. 0. 0.]
 [0. 0. 0.]
 [0. 0. 0.]]",[0.13 0.12 0.13 0.11 0.11 0.01 0.12 0.12 0.15],1
414,"[[-0. -0. -0.]
 [-0. -0. -0.]
 [-0. -0. -1.]]",[0.13 0.12 0.14 0.11 0.13 0.12 0.13 0.12 0.  ],-1
415,"[[ 0.  0. -1.]
 [ 0.  0.  0.]
 [ 0.  0.  1.]]",[0.26 0.11 0.   0.09 0.1  0.09 0.26 0.09 0.  ],1
416,"[[-1. -0.  1.]
 [-0. -0. -0.]
 [-0. -0. -1.]]",[0.   0.14 0.   0.15 0.3  0.13 0.14 0.14 0.  ],-1
417,"[[ 1.  0. -1.]
 [ 0. -1.  0.]
 [ 0.  0.  1.]]",[0.   0.01 0.   0.01 0.   0.01 0.92 0.05 0.  ],1
418,"[[-1. -0.  1.]
 [-0.  1. -0.]
 [-1. -0. -1.]]",[0.   0.21 0.   0.3  0.   0.24 0.   0.25 0.  ],-1
419,"[[ 1.  0. -1.]
 [-1. -1.  0.]
 [ 1.  0.  1.]]",[0.   0.02 0.   0.   0.   0.01 0.   0.97 0.  ],1
420,"[[0. 0. 0.]
 [0. 0. 0.]
 [0. 0. 0.]]",[0.13 0.13 0.13 0.01 0.12 0.08 0.15 0.11 0.14],1
421,"[[-0. -0. -0.]
 [-0. -0. -0.]
 [-1. -0. -0.]]",[0.14 0.13 0.13 0.12 0.13 0.1  0.   0.12 0.13],-1
422,"[[-1.  0.  0.]
 [ 0.  0.  0.]
 [ 1.  0.  0.]]",[0.   0.13 0.24 0.12 0.12 0.11 0.   0.11 0.17],1
423,"[[ 1. -0. -1.]
 [-0. -0. -0.]
 [-1. -0. -0.]]",[0.   0.13 0.   0.12 0.37 0.12 0.   0.13 0.13],-1
424,"[[-1.  0.  1.]
 [ 0. -1.  0.]
 [ 1.  0.  0.]]",[0.   0.06 0.   0.01 0.   0.01 0.   0.06 0.86],1
425,"[[ 1. -0. -1.]
 [-0.  1. -0.]
 [-1. -0. -1.]]",[0.   0.21 0.   0.23 0.   0.3  0.   0.26 0.  ],-1
426,"[[-1.  0.  1.]
 [ 0. -1. -1.]
 [ 1.  0.  1.]]",[0.   0.02 0.   0.03 0.   0.   0.   0.95 0.  ],1
427,"[[0. 0. 0.]
 [0. 0. 0.]
 [0. 0. 0.]]",[0.13 0.11 0.16 0.02 0.12 0.1  0.12 0.11 0.13],1
428,"[[-0. -0. -1.]
 [-0. -0. -0.]
 [-0. -0. -0.]]",[0.15 0.13 0.   0.12 0.12 0.1  0.14 0.11 0.13],-1
429,"[[-1.  0.  1.]
 [ 0.  0.  0.]
 [ 0.  0.  0.]]",[0.   0.12 0.   0.1  0.12 0.1  0.18 0.12 0.26],1
430,"[[ 1. -0. -1.]
 [-0. -0. -0.]
 [-0. -0. -1.]]",[0.   0.13 0.   0.12 0.13 0.37 0.13 0.12 0.  ],-1
431,"[[-1.  0.  1.]
 [ 0.  0. -1.]
 [ 0.  0.  1.]]",[0.   0.09 0.   0.08 0.01 0.   0.81 0.01 0.  ],1
432,"[[ 1. -0. -1.]
 [-0. -0.  1.]
 [-1. -0. -1.]]",[0.   0.21 0.   0.22 0.22 0.   0.   0.35 0.  ],-1
433,"[[-1.  0.  1.]
 [ 0.  0. -1.]
 [ 1. -1.  1.]]",[0.   0.07 0.   0.03 0.9  0.   0.   0.   0.  ],1
434,"[[0. 0. 0.]
 [0. 0. 0.]
 [0. 0. 0.]]",[0.11 0.11 0.11 0.1  0.12 0.11 0.16 0.11 0.07],1
435,"[[-0. -0. -0.]
 [-0. -0. -0.]
 [-1. -0. -0.]]",[0.14 0.13 0.13 0.12 0.12 0.1  0.   0.13 0.13],-1
436,"[[-1.  0.  0.]
 [ 0.  0.  0.]
 [ 1.  0.  0.]]",[0.   0.15 0.24 0.1  0.18 0.11 0.   0.11 0.11],1
437,"[[ 1. -0. -1.]
 [-0. -0. -0.]
 [-1. -0. -0.]]",[0.   0.13 0.   0.12 0.38 0.12 0.   0.12 0.13],-1
438,"[[-1.  0.  1.]
 [ 0. -1.  0.]
 [ 1.  0.  0.]]",[0.   0.07 0.   0.06 0.   0.01 0.   0.06 0.8 ],1
439,"[[ 1. -0. -1.]
 [-0.  1. -0.]
 [-1. -0. -1.]]",[0.   0.31 0.   0.21 0.   0.25 0.   0.23 0.  ],-1
440,"[[-1. -1.  1.]
 [ 0. -1.  0.]
 [ 1.  0.  1.]]",[0.   0.   0.   0.01 0.   0.7  0.   0.29 0.  ],1
441,"[[0. 0. 0.]
 [0. 0. 0.]
 [0. 0. 0.]]",[0.06 0.11 0.12 0.11 0.12 0.1  0.11 0.14 0.13],0
442,"[[-0. -0. -0.]
 [-0. -0. -0.]
 [-0. -1. -0.]]",[0.14 0.12 0.14 0.12 0.13 0.1  0.13 0.   0.12],0
443,"[[-1.  0.  0.]
 [ 0.  0.  0.]
 [ 0.  1.  0.]]",[0.   0.14 0.13 0.1  0.22 0.1  0.17 0.   0.14],0
444,"[[ 1. -0. -0.]
 [-0. -1. -0.]
 [-0. -1. -0.]]",[0.   0.68 0.1  0.02 0.   0.02 0.09 0.   0.09],0
445,"[[-1. -1.  0.]
 [ 0.  1.  0.]
 [ 0.  1.  0.]]",[0.   0.   0.81 0.02 0.   0.02 0.08 0.   0.07],0
446,"[[ 1.  1. -1.]
 [-0. -1. -0.]
 [-0. -1. -0.]]",[0.   0.   0.   0.06 0.   0.07 0.81 0.   0.06],0
447,"[[-1. -1.  1.]
 [ 0.  1.  0.]
 [-1.  1.  0.]]",[0.   0.   0.   0.91 0.   0.04 0.   0.   0.05],0
448,"[[ 1.  1. -1.]
 [-1. -1. -0.]
 [ 1. -1. -0.]]",[0.   0.   0.   0.   0.   0.96 0.   0.   0.04],0
449,"[[-1. -1.  1.]
 [ 1.  1. -1.]
 [-1.  1.  0.]]",[0. 0. 0. 0. 0. 0. 0. 0. 1.],0
450,"[[0. 0. 0.]
 [0. 0. 0.]
 [0. 0. 0.]]",[0.25 0.12 0.13 0.1  0.04 0.01 0.12 0.11 0.12],1
451,"[[-1. -0. -0.]
 [-0. -0. -0.]
 [-0. -0. -0.]]",[0.   0.13 0.15 0.11 0.12 0.11 0.14 0.11 0.13],-1
452,"[[ 1.  0. -1.]
 [ 0.  0.  0.]
 [ 0.  0.  0.]]",[0.   0.12 0.   0.11 0.11 0.09 0.35 0.1  0.12],1
453,"[[-1. -0.  1.]
 [-0. -0. -0.]
 [-1. -0. -0.]]",[0.   0.11 0.   0.46 0.11 0.11 0.   0.1  0.11],-1
454,"[[ 1.  0. -1.]
 [-1.  0.  0.]
 [ 1.  0.  0.]]",[0.   0.08 0.   0.   0.12 0.07 0.   0.01 0.72],1
455,"[[-1. -0.  1.]
 [ 1. -0. -0.]
 [-1. -0. -1.]]",[0.   0.26 0.   0.   0.28 0.16 0.   0.3  0.  ],-1
456,"[[ 1.  0. -1.]
 [-1.  0.  0.]
 [ 1. -1.  1.]]",[0.   0.05 0.   0.   0.9  0.05 0.   0.   0.  ],1
457,"[[0. 0. 0.]
 [0. 0. 0.]
 [0. 0. 0.]]",[0.12 0.11 0.24 0.11 0.06 0.01 0.12 0.11 0.12],1
458,"[[-0. -0. -1.]
 [-0. -0. -0.]
 [-0. -0. -0.]]",[0.14 0.13 0.   0.11 0.12 0.12 0.14 0.11 0.13],-1
459,"[[-1.  0.  1.]
 [ 0.  0.  0.]
 [ 0.  0.  0.]]",[0.   0.13 0.   0.1  0.11 0.1  0.18 0.12 0.26],1
460,"[[ 1. -0. -1.]
 [-0. -0. -0.]
 [-0. -0. -1.]]",[0.   0.12 0.   0.13 0.13 0.38 0.12 0.12 0.  ],-1
461,"[[-1.  0.  1.]
 [ 0.  0. -1.]
 [ 0.  0.  1.]]",[0.   0.03 0.   0.04 0.03 0.   0.87 0.03 0.  ],1
462,"[[ 1. -0. -1.]
 [-0. -0.  1.]
 [-1. -0. -1.]]",[0.   0.26 0.   0.2  0.3  0.   0.   0.24 0.  ],-1
463,"[[-1.  0.  1.]
 [ 0. -1. -1.]
 [ 1.  0.  1.]]",[0.   0.02 0.   0.06 0.   0.   0.   0.92 0.  ],1
464,"[[0. 0. 0.]
 [0. 0. 0.]
 [0. 0. 0.]]",[0.13 0.14 0.14 0.03 0.11 0.1  0.12 0.11 0.12],0
465,"[[-0. -1. -0.]
 [-0. -0. -0.]
 [-0. -0. -0.]]",[0.13 0.   0.15 0.11 0.14 0.1  0.13 0.12 0.12],0
466,"[[ 0.  1. -1.]
 [ 0.  0.  0.]
 [ 0.  0.  0.]]",[0.2  0.   0.   0.1  0.23 0.1  0.12 0.13 0.12],0
467,"[[-0. -1.  1.]
 [-0. -1. -0.]
 [-0. -0. -0.]]",[0.11 0.   0.   0.09 0.   0.09 0.1  0.52 0.09],0
468,"[[ 0.  1. -1.]
 [ 0.  1.  0.]
 [ 0. -1.  0.]]",[0.11 0.   0.   0.17 0.   0.26 0.23 0.   0.23],0
469,"[[-0. -1.  1.]
 [-0. -1. -1.]
 [-0.  1. -0.]]",[0.07 0.   0.   0.8  0.   0.   0.06 0.   0.07],0
470,"[[ 0.  1. -1.]
 [-1.  1.  1.]
 [ 0. -1.  0.]]",[0.23 0.   0.   0.   0.   0.   0.22 0.   0.55],0
471,"[[-0. -1.  1.]
 [ 1. -1. -1.]
 [-0.  1. -1.]]",[0.96 0.   0.   0.   0.   0.   0.04 0.   0.  ],0
472,"[[-1.  1. -1.]
 [-1.  1.  1.]
 [ 0. -1.  1.]]",[0. 0. 0. 0. 0. 0. 1. 0. 0.],0
473,"[[0. 0. 0.]
 [0. 0. 0.]
 [0. 0. 0.]]",[0.11 0.11 0.14 0.09 0.11 0.06 0.15 0.11 0.12],1
474,"[[-0. -0. -0.]
 [-0. -0. -0.]
 [-1. -0. -0.]]",[0.14 0.13 0.14 0.11 0.12 0.12 0.   0.11 0.13],-1
475,"[[-1.  0.  0.]
 [ 0.  0.  0.]
 [ 1.  0.  0.]]",[0.   0.18 0.24 0.11 0.12 0.1  0.   0.11 0.14],1
476,"[[ 1. -0. -1.]
 [-0. -0. -0.]
 [-1. -0. -0.]]",[0.   0.13 0.   0.12 0.36 0.12 0.   0.13 0.14],-1
477,"[[-1.  0.  1.]
 [ 0. -1.  0.]
 [ 1.  0.  0.]]",[0.   0.03 0.   0.01 0.   0.03 0.   0.03 0.9 ],1
478,"[[ 1. -0. -1.]
 [-0.  1. -0.]
 [-1. -0. -1.]]",[0.   0.22 0.   0.28 0.   0.24 0.   0.26 0.  ],-1
479,"[[-1.  0.  1.]
 [-1. -1.  0.]
 [ 1.  0.  1.]]",[0.   0.02 0.   0.   0.   0.47 0.   0.51 0.  ],1
480,"[[0. 0. 0.]
 [0. 0. 0.]
 [0. 0. 0.]]",[0.24 0.12 0.09 0.1  0.12 0.1  0.12 0.1  0.01],1
481,"[[-1. -0. -0.]
 [-0. -0. -0.]
 [-0. -0. -0.]]",[0.   0.13 0.14 0.11 0.13 0.1  0.15 0.11 0.13],-1
482,"[[ 1.  0.  0.]
 [ 0.  0.  0.]
 [-1.  0.  0.]]",[0.   0.19 0.2  0.1  0.13 0.09 0.   0.1  0.19],1
483,"[[-1. -0. -1.]
 [-0. -0. -0.]
 [ 1. -0. -0.]]",[0.   0.42 0.   0.12 0.12 0.11 0.   0.11 0.12],-1
484,"[[ 1. -1.  1.]
 [ 0.  0.  0.]
 [-1.  0.  0.]]",[0.   0.   0.   0.07 0.12 0.01 0.   0.03 0.77],1
485,"[[-1.  1. -1.]
 [-0. -0. -0.]
 [ 1. -0. -1.]]",[0.   0.   0.   0.18 0.39 0.23 0.   0.2  0.  ],-1
486,"[[ 1. -1.  1.]
 [ 0. -1.  0.]
 [-1.  0.  1.]]",[0.   0.   0.   0.03 0.   0.96 0.   0.01 0.  ],1
487,"[[0. 0. 0.]
 [0. 0. 0.]
 [0. 0. 0.]]",[0.11 0.11 0.24 0.12 0.12 0.01 0.09 0.1  0.1 ],1
488,"[[-0. -0. -1.]
 [-0. -0. -0.]
 [-0. -0. -0.]]",[0.14 0.13 0.   0.11 0.13 0.11 0.13 0.11 0.14],-1
489,"[[-1.  0.  1.]
 [ 0.  0.  0.]
 [ 0.  0.  0.]]",[0.   0.13 0.   0.1  0.11 0.1  0.18 0.11 0.27],1
490,"[[ 1. -0. -1.]
 [-0. -0. -0.]
 [-0. -0. -1.]]",[0.   0.14 0.   0.12 0.12 0.37 0.13 0.12 0.  ],-1
491,"[[-1.  0.  1.]
 [ 0.  0. -1.]
 [ 0.  0.  1.]]",[0.   0.01 0.   0.01 0.06 0.   0.91 0.01 0.  ],1
492,"[[ 1. -0. -1.]
 [-0. -0.  1.]
 [-1. -0. -1.]]",[0.   0.27 0.   0.19 0.29 0.   0.   0.25 0.  ],-1
493,"[[-1.  0.  1.]
 [ 0. -1. -1.]
 [ 1.  0.  1.]]",[0.   0.02 0.   0.05 0.   0.   0.   0.93 0.  ],1
494,"[[0. 0. 0.]
 [0. 0. 0.]
 [0. 0. 0.]]",[0.13 0.13 0.13 0.01 0.14 0.1  0.13 0.11 0.12],0
495,"[[-0. -0. -0.]
 [-0. -1. -0.]
 [-0. -0. -0.]]",[0.14 0.13 0.14 0.11 0.   0.11 0.14 0.11 0.12],0
496,"[[-1.  0.  0.]
 [ 0.  1.  0.]
 [ 0.  0.  0.]]",[0.   0.16 0.13 0.17 0.   0.11 0.18 0.14 0.11],0
497,"[[ 1. -0. -0.]
 [-0. -1. -0.]
 [-1. -0. -0.]]",[0.   0.09 0.59 0.08 0.   0.08 0.   0.08 0.08],0
498,"[[-1.  0. -1.]
 [ 0.  1.  0.]
 [ 1.  0.  0.]]",[0.   0.92 0.   0.02 0.   0.02 0.   0.02 0.02],0
499,"[[ 1. -1.  1.]
 [-0. -1. -0.]
 [-1. -0. -0.]]",[0.   0.   0.   0.06 0.   0.07 0.   0.79 0.08],0
500,"[[-1.  1. -1.]
 [ 0.  1.  0.]
 [ 1. -1.  0.]]",[0.   0.   0.   0.4  0.   0.28 0.   0.   0.32],0
501,"[[ 1. -1.  1.]
 [-1. -1. -0.]
 [-1.  1. -0.]]",[0.   0.   0.   0.   0.   0.96 0.   0.   0.04],0
502,"[[-1.  1. -1.]
 [ 1.  1. -1.]
 [ 1. -1.  0.]]",[0. 0. 0. 0. 0. 0. 0. 0. 1.],0
503,"[[0. 0. 0.]
 [0. 0. 0.]
 [0. 0. 0.]]",[0.12 0.12 0.12 0.01 0.12 0.11 0.16 0.11 0.13],1
504,"[[-0. -0. -0.]
 [-0. -0. -0.]
 [-1. -0. -0.]]",[0.14 0.13 0.14 0.11 0.12 0.11 0.   0.12 0.13],-1
505,"[[-1.  0.  0.]
 [ 0.  0.  0.]
 [ 1.  0.  0.]]",[0.   0.12 0.23 0.11 0.18 0.1  0.   0.1  0.16],1
506,"[[ 1. -0. -1.]
 [-0. -0. -0.]
 [-1. -0. -0.]]",[0.   0.14 0.   0.12 0.36 0.12 0.   0.13 0.13],-1
507,"[[-1.  0.  1.]
 [ 0. -1.  0.]
 [ 1.  0.  0.]]",[0.   0.06 0.   0.06 0.   0.01 0.   0.01 0.86],1
508,"[[ 1. -0. -1.]
 [-0.  1. -0.]
 [-1. -0. -1.]]",[0.   0.23 0.   0.18 0.   0.27 0.   0.32 0.  ],-1
509,"[[-1.  0.  1.]
 [ 0. -1.  0.]
 [ 1. -1.  1.]]",[0.   0.03 0.   0.01 0.   0.96 0.   0.   0.  ],1
510,"[[0. 0. 0.]
 [0. 0. 0.]
 [0. 0. 0.]]",[0.13 0.12 0.12 0.11 0.11 0.02 0.15 0.12 0.12],1
511,"[[-0. -0. -0.]
 [-0. -0. -0.]
 [-1. -0. -0.]]",[0.14 0.13 0.13 0.12 0.14 0.1  0.   0.11 0.13],-1
512,"[[-1.  0.  0.]
 [ 0.  0.  0.]
 [ 1.  0.  0.]]",[0.   0.12 0.24 0.1  0.15 0.11 0.   0.11 0.17],1
513,"[[ 1. -0. -1.]
 [-0. -0. -0.]
 [-1. -0. -0.]]",[0.   0.15 0.   0.13 0.36 0.11 0.   0.12 0.13],-1
514,"[[-1.  0.  1.]
 [ 0. -1.  0.]
 [ 1.  0.  0.]]",[0.   0.07 0.   0.01 0.   0.01 0.   0.01 0.9 ],1
515,"[[ 1. -0. -1.]
 [-0.  1. -0.]
 [-1. -0. -1.]]",[0.   0.25 0.   0.2  0.   0.24 0.   0.31 0.  ],-1
516,"[[-1.  0.  1.]
 [ 0. -1.  0.]
 [ 1. -1.  1.]]",[0.   0.03 0.   0.02 0.   0.95 0.   0.   0.  ],1
517,"[[0. 0. 0.]
 [0. 0. 0.]
 [0. 0. 0.]]",[0.14 0.13 0.13 0.02 0.12 0.1  0.13 0.11 0.12],1
518,"[[-1. -0. -0.]
 [-0. -0. -0.]
 [-0. -0. -0.]]",[0.   0.13 0.15 0.11 0.14 0.11 0.13 0.11 0.12],-1
519,"[[ 1.  0. -1.]
 [ 0.  0.  0.]
 [ 0.  0.  0.]]",[0.   0.11 0.   0.11 0.11 0.09 0.29 0.1  0.19],1
520,"[[-1. -0.  1.]
 [-0. -0. -0.]
 [-1. -0. -0.]]",[0.   0.13 0.   0.45 0.11 0.09 0.   0.11 0.11],-1
521,"[[ 1.  0. -1.]
 [-1.  0.  0.]
 [ 1.  0.  0.]]",[0.   0.15 0.   0.   0.12 0.07 0.   0.01 0.65],1
522,"[[-1. -0.  1.]
 [ 1. -0. -0.]
 [-1. -0. -1.]]",[0.   0.24 0.   0.   0.24 0.3  0.   0.22 0.  ],-1
523,"[[ 1.  0. -1.]
 [-1.  0. -1.]
 [ 1.  0.  1.]]",[0.   0.02 0.   0.   0.63 0.   0.   0.35 0.  ],1
524,"[[0. 0. 0.]
 [0. 0. 0.]
 [0. 0. 0.]]",[0.12 0.12 0.12 0.04 0.14 0.11 0.12 0.1  0.13],0
525,"[[-0. -0. -0.]
 [-0. -1. -0.]
 [-0. -0. -0.]]",[0.14 0.13 0.13 0.12 0.   0.11 0.13 0.11 0.13],0
526,"[[-1.  0.  0.]
 [ 0.  1.  0.]
 [ 0.  0.  0.]]",[0.   0.24 0.11 0.16 0.   0.15 0.11 0.13 0.1 ],0
527,"[[ 1. -1. -0.]
 [-0. -1. -0.]
 [-0. -0. -0.]]",[0.   0.   0.1  0.1  0.   0.09 0.09 0.53 0.09],0
528,"[[-1.  1.  0.]
 [ 0.  1.  0.]
 [ 0. -1.  0.]]",[0.   0.   0.1  0.35 0.   0.21 0.2  0.   0.14],0
529,"[[ 1. -1. -0.]
 [-1. -1. -0.]
 [-0.  1. -0.]]",[0.   0.   0.07 0.   0.   0.8  0.07 0.   0.06],0
530,"[[-1.  1.  0.]
 [ 1.  1. -1.]
 [ 0. -1.  0.]]",[0.   0.   0.53 0.   0.   0.   0.25 0.   0.22],0
531,"[[ 1. -1. -1.]
 [-1. -1.  1.]
 [-0.  1. -0.]]",[0.   0.   0.   0.   0.   0.   0.95 0.   0.05],0
532,"[[-1.  1.  1.]
 [ 1.  1. -1.]
 [-1. -1.  0.]]",[0. 0. 0. 0. 0. 0. 0. 0. 1.],0
533,"[[0. 0. 0.]
 [0. 0. 0.]
 [0. 0. 0.]]",[0.26 0.11 0.13 0.01 0.1  0.06 0.11 0.11 0.11],1
534,"[[-1. -0. -0.]
 [-0. -0. -0.]
 [-0. -0. -0.]]",[0.   0.14 0.14 0.12 0.13 0.11 0.13 0.11 0.12],-1
535,"[[ 1. -1.  0.]
 [ 0.  0.  0.]
 [ 0.  0.  0.]]",[0.   0.   0.11 0.09 0.17 0.1  0.29 0.1  0.14],1
536,"[[-1.  1. -0.]
 [-0. -0. -0.]
 [-1. -0. -0.]]",[0.   0.   0.13 0.35 0.13 0.13 0.   0.13 0.13],-1
537,"[[ 1. -1.  0.]
 [-1.  0.  0.]
 [ 1.  0.  0.]]",[0.   0.   0.01 0.   0.07 0.01 0.   0.01 0.9 ],1
538,"[[-1.  1. -0.]
 [ 1. -0. -0.]
 [-1. -0. -1.]]",[0.   0.   0.23 0.   0.31 0.24 0.   0.22 0.  ],-1
539,"[[ 1. -1.  0.]
 [-1. -1.  0.]
 [ 1.  0.  1.]]",[0.   0.   0.02 0.   0.   0.03 0.   0.95 0.  ],1
540,"[[0. 0. 0.]
 [0. 0. 0.]
 [0. 0. 0.]]",[0.13 0.15 0.12 0.03 0.12 0.1  0.12 0.12 0.11],0
541,"[[-0. -1. -0.]
 [-0. -0. -0.]
 [-0. -0. -0.]]",[0.13 0.   0.2  0.11 0.12 0.09 0.13 0.11 0.11],0
542,"[[ 0.  1. -1.]
 [ 0.  0.  0.]
 [ 0.  0.  0.]]",[0.21 0.   0.   0.1  0.23 0.1  0.12 0.12 0.12],0
543,"[[-0. -1.  1.]
 [-0. -1. -0.]
 [-0. -0. -0.]]",[0.11 0.   0.   0.09 0.   0.09 0.1  0.52 0.09],0
544,"[[ 0.  1. -1.]
 [ 0.  1.  0.]
 [ 0. -1.  0.]]",[0.14 0.   0.   0.23 0.   0.26 0.2  0.   0.17],0
545,"[[-0. -1.  1.]
 [-0. -1. -1.]
 [-0.  1. -0.]]",[0.07 0.   0.   0.81 0.   0.   0.06 0.   0.06],0
546,"[[ 0.  1. -1.]
 [-1.  1.  1.]
 [ 0. -1.  0.]]",[0.41 0.   0.   0.   0.   0.   0.3  0.   0.29],0
547,"[[-1. -1.  1.]
 [ 1. -1. -1.]
 [-0.  1. -0.]]",[0.   0.   0.   0.   0.   0.   0.03 0.   0.97],0
548,"[[ 1.  1. -1.]
 [-1.  1.  1.]
 [ 0. -1. -1.]]",[0. 0. 0. 0. 0. 0. 1. 0. 0.],0
549,"[[0. 0. 0.]
 [0. 0. 0.]
 [0. 0. 0.]]",[0.12 0.13 0.13 0.01 0.12 0.1  0.12 0.13 0.14],1
550,"[[-0. -0. -0.]
 [-0. -0. -0.]
 [-0. -0. -1.]]",[0.13 0.14 0.14 0.11 0.12 0.1  0.14 0.12 0.  ],-1
551,"[[ 0. -1.  0.]
 [ 0.  0.  0.]
 [ 0.  0.  1.]]",[0.19 0.   0.32 0.09 0.1  0.11 0.1  0.09 0.  ],1
552,"[[-0.  1. -1.]
 [-0. -0. -0.]
 [-0. -0. -1.]]",[0.13 0.   0.   0.13 0.12 0.37 0.13 0.12 0.  ],-1
553,"[[ 0. -1.  1.]
 [ 0.  0. -1.]
 [ 0.  0.  1.]]",[0.09 0.   0.   0.06 0.03 0.   0.81 0.01 0.  ],1
554,"[[-0.  1. -1.]
 [-0. -0.  1.]
 [-1. -0. -1.]]",[0.21 0.   0.   0.18 0.35 0.   0.   0.26 0.  ],-1
555,"[[ 0. -1.  1.]
 [ 0. -1. -1.]
 [ 1.  0.  1.]]",[0.03 0.   0.   0.02 0.   0.   0.   0.95 0.  ],1
556,"[[0. 0. 0.]
 [0. 0. 0.]
 [0. 0. 0.]]",[0.13 0.12 0.14 0.01 0.1  0.11 0.16 0.11 0.12],1
557,"[[-0. -0. -0.]
 [-0. -0. -0.]
 [-1. -0. -0.]]",[0.17 0.14 0.13 0.11 0.12 0.1  0.   0.11 0.12],-1
558,"[[-1.  0.  0.]
 [ 0.  0.  0.]
 [ 1.  0.  0.]]",[0.   0.15 0.19 0.1  0.18 0.11 0.   0.1  0.17],1
559,"[[ 1. -0. -1.]
 [-0. -0. -0.]
 [-1. -0. -0.]]",[0.   0.13 0.   0.14 0.36 0.13 0.   0.12 0.12],-1
560,"[[-1.  0.  1.]
 [ 0. -1.  0.]
 [ 1.  0.  0.]]",[0.   0.01 0.   0.05 0.   0.01 0.   0.01 0.92],1
561,"[[ 1. -0. -1.]
 [-0.  1. -0.]
 [-1. -0. -1.]]",[0.   0.32 0.   0.2  0.   0.23 0.   0.25 0.  ],-1
562,"[[-1. -1.  1.]
 [ 0. -1.  0.]
 [ 1.  0.  1.]]",[0.   0.   0.   0.01 0.   0.38 0.   0.61 0.  ],1
563,"[[0. 0. 0.]
 [0. 0. 0.]
 [0. 0. 0.]]",[0.14 0.12 0.14 0.11 0.13 0.01 0.12 0.11 0.12],1
564,"[[-1. -0. -0.]
 [-0. -0. -0.]
 [-0. -0. -0.]]",[0.   0.13 0.14 0.11 0.13 0.11 0.13 0.12 0.13],-1
565,"[[ 1.  0. -1.]
 [ 0.  0.  0.]
 [ 0.  0.  0.]]",[0.   0.1  0.   0.09 0.13 0.08 0.39 0.09 0.12],1
566,"[[-1. -0.  1.]
 [-0. -0. -0.]
 [-1. -0. -0.]]",[0.   0.11 0.   0.44 0.12 0.1  0.   0.12 0.11],-1
567,"[[ 1.  0. -1.]
 [-1.  0.  0.]
 [ 1.  0.  0.]]",[0.   0.09 0.   0.   0.04 0.03 0.   0.01 0.83],1
568,"[[-1. -0.  1.]
 [ 1. -0. -0.]
 [-1. -0. -1.]]",[0.   0.26 0.   0.   0.29 0.21 0.   0.24 0.  ],-1
569,"[[ 1.  0. -1.]
 [-1. -1.  0.]
 [ 1.  0.  1.]]",[0.   0.02 0.   0.   0.   0.02 0.   0.96 0.  ],1
570,"[[0. 0. 0.]
 [0. 0. 0.]
 [0. 0. 0.]]",[0.15 0.12 0.11 0.11 0.12 0.12 0.11 0.1  0.06],1
571,"[[-1. -0. -0.]
 [-0. -0. -0.]
 [-0. -0. -0.]]",[0.   0.13 0.14 0.11 0.14 0.1  0.14 0.12 0.12],-1
572,"[[ 1.  0. -1.]
 [ 0.  0.  0.]
 [ 0.  0.  0.]]",[0.   0.22 0.   0.09 0.11 0.09 0.28 0.09 0.12],1
573,"[[-1. -0.  1.]
 [-0. -0. -0.]
 [-1. -0. -0.]]",[0.   0.12 0.   0.45 0.11 0.1  0.   0.12 0.1 ],-1
574,"[[ 1.  0. -1.]
 [-1.  0.  0.]
 [ 1.  0.  0.]]",[0.   0.02 0.   0.   0.05 0.01 0.   0.05 0.87],1
575,"[[-1. -0.  1.]
 [ 1. -0. -0.]
 [-1. -0. -1.]]",[0.   0.29 0.   0.   0.28 0.17 0.   0.26 0.  ],-1
576,"[[ 1. -1. -1.]
 [-1.  0.  0.]
 [ 1.  0.  1.]]",[0.   0.   0.   0.   0.7  0.01 0.   0.29 0.  ],1
577,"[[0. 0. 0.]
 [0. 0. 0.]
 [0. 0. 0.]]",[0.14 0.11 0.16 0.1  0.06 0.1  0.12 0.1  0.11],1
578,"[[-0. -0. -1.]
 [-0. -0. -0.]
 [-0. -0. -0.]]",[0.14 0.13 0.   0.11 0.13 0.11 0.13 0.12 0.13],-1
579,"[[-1.  0.  1.]
 [ 0.  0.  0.]
 [ 0.  0.  0.]]",[0.   0.11 0.   0.1  0.11 0.11 0.19 0.11 0.27],1
580,"[[ 1. -0. -1.]
 [-0. -0. -0.]
 [-0. -0. -1.]]",[0.   0.12 0.   0.12 0.14 0.36 0.14 0.12 0.  ],-1
581,"[[-1.  0.  1.]
 [ 0.  0. -1.]
 [ 0.  0.  1.]]",[0.   0.04 0.   0.01 0.02 0.   0.89 0.04 0.  ],1
582,"[[ 1. -0. -1.]
 [-0. -0.  1.]
 [-1. -0. -1.]]",[0.   0.21 0.   0.19 0.3  0.   0.   0.3  0.  ],-1
583,"[[-1.  0.  1.]
 [ 0. -1. -1.]
 [ 1.  0.  1.]]",[0.   0.02 0.   0.01 0.   0.   0.   0.97 0.  ],1
584,"[[0. 0. 0.]
 [0. 0. 0.]
 [0. 0. 0.]]",[0.12 0.11 0.16 0.03 0.12 0.11 0.12 0.1  0.13],1
585,"[[-0. -0. -1.]
 [-0. -0. -0.]
 [-0. -0. -0.]]",[0.2  0.12 0.   0.12 0.12 0.09 0.13 0.1  0.12],-1
586,"[[-1.  0.  1.]
 [ 0.  0.  0.]
 [ 0.  0.  0.]]",[0.   0.11 0.   0.11 0.11 0.16 0.18 0.11 0.22],1
587,"[[ 1. -0. -1.]
 [-0. -0. -0.]
 [-0. -0. -1.]]",[0.   0.13 0.   0.11 0.13 0.36 0.15 0.12 0.  ],-1
588,"[[-1.  0.  1.]
 [ 0.  0. -1.]
 [ 0.  0.  1.]]",[0.   0.09 0.   0.01 0.09 0.   0.8  0.01 0.  ],1
589,"[[ 1. -0. -1.]
 [-0. -0.  1.]
 [-1. -0. -1.]]",[0.   0.19 0.   0.17 0.34 0.   0.   0.3  0.  ],-1
590,"[[-1.  0.  1.]
 [ 0. -1. -1.]
 [ 1.  0.  1.]]",[0.   0.01 0.   0.06 0.   0.   0.   0.93 0.  ],1
591,"[[0. 0. 0.]
 [0. 0. 0.]
 [0. 0. 0.]]",[0.24 0.12 0.12 0.01 0.11 0.07 0.11 0.11 0.11],1
592,"[[-1. -0. -0.]
 [-0. -0. -0.]
 [-0. -0. -0.]]",[0.   0.13 0.14 0.13 0.12 0.1  0.13 0.12 0.13],-1
593,"[[ 1.  0. -1.]
 [ 0.  0.  0.]
 [ 0.  0.  0.]]",[0.   0.11 0.   0.12 0.18 0.09 0.29 0.09 0.12],1
594,"[[-1. -0.  1.]
 [-0. -0. -0.]
 [-1. -0. -0.]]",[0.   0.11 0.   0.45 0.12 0.1  0.   0.11 0.11],-1
595,"[[ 1.  0. -1.]
 [-1.  0.  0.]
 [ 1.  0.  0.]]",[0.   0.08 0.   0.   0.12 0.01 0.   0.07 0.72],1
596,"[[-1. -0.  1.]
 [ 1. -0. -0.]
 [-1. -0. -1.]]",[0.   0.2  0.   0.   0.36 0.18 0.   0.26 0.  ],-1
597,"[[ 1.  0. -1.]
 [-1. -1.  0.]
 [ 1.  0.  1.]]",[0.   0.02 0.   0.   0.   0.05 0.   0.93 0.  ],1
598,"[[0. 0. 0.]
 [0. 0. 0.]
 [0. 0. 0.]]",[0.13 0.12 0.13 0.11 0.12 0.01 0.13 0.1  0.15],0
599,"[[-0. -0. -0.]
 [-0. -0. -0.]
 [-0. -0. -1.]]",[0.13 0.12 0.14 0.11 0.16 0.1  0.13 0.11 0.  ],0
600,"[[ 0.  0.  0.]
 [ 0. -1.  0.]
 [ 0.  0.  1.]]",[0.12 0.12 0.27 0.1  0.   0.13 0.16 0.1  0.  ],0
601,"[[-0. -0. -1.]
 [-0.  1. -0.]
 [-0. -0. -1.]]",[0.09 0.09 0.   0.08 0.   0.59 0.08 0.07 0.  ],0
602,"[[ 0.  0.  1.]
 [ 0. -1. -1.]
 [ 0.  0.  1.]]",[0.08 0.08 0.   0.67 0.   0.   0.09 0.08 0.  ],0
603,"[[-0. -0. -1.]
 [-1.  1.  1.]
 [-0. -0. -1.]]",[0.15 0.65 0.   0.   0.   0.   0.15 0.05 0.  ],0
604,"[[ 0. -1.  1.]
 [ 1. -1. -1.]
 [ 0.  0.  1.]]",[0.05 0.   0.   0.   0.   0.   0.05 0.9  0.  ],0
605,"[[-0.  1. -1.]
 [-1.  1.  1.]
 [-0. -1. -1.]]",[0.06 0.   0.   0.   0.   0.   0.94 0.   0.  ],0
606,"[[ 0. -1.  1.]
 [ 1. -1. -1.]
 [-1.  1.  1.]]",[1. 0. 0. 0. 0. 0. 0. 0. 0.],0
607,"[[0. 0. 0.]
 [0. 0. 0.]
 [0. 0. 0.]]",[0.11 0.11 0.12 0.11 0.11 0.05 0.16 0.1  0.13],1
608,"[[-0. -0. -0.]
 [-0. -0. -0.]
 [-1. -0. -0.]]",[0.15 0.13 0.14 0.11 0.12 0.1  0.   0.12 0.13],-1
609,"[[-1.  0.  0.]
 [ 0.  0.  0.]
 [ 1.  0.  0.]]",[0.   0.12 0.23 0.1  0.12 0.1  0.   0.16 0.17],1
610,"[[ 1. -0. -1.]
 [-0. -0. -0.]
 [-1. -0. -0.]]",[0.   0.14 0.   0.12 0.36 0.13 0.   0.12 0.13],-1
611,"[[-1.  0.  1.]
 [ 0. -1.  0.]
 [ 1.  0.  0.]]",[0.   0.06 0.   0.01 0.   0.06 0.   0.01 0.86],1
612,"[[ 1. -0. -1.]
 [-0.  1. -0.]
 [-1. -0. -1.]]",[0.   0.27 0.   0.18 0.   0.29 0.   0.26 0.  ],-1
613,"[[-1.  0.  1.]
 [ 0. -1. -1.]
 [ 1.  0.  1.]]",[0.   0.02 0.   0.05 0.   0.   0.   0.93 0.  ],1
614,"[[0. 0. 0.]
 [0. 0. 0.]
 [0. 0. 0.]]",[0.08 0.11 0.15 0.1  0.11 0.1  0.13 0.1  0.12],1
615,"[[-0. -0. -1.]
 [-0. -0. -0.]
 [-0. -0. -0.]]",[0.14 0.14 0.   0.11 0.12 0.1  0.14 0.12 0.13],-1
616,"[[-1.  0.  1.]
 [ 0.  0.  0.]
 [ 0.  0.  0.]]",[0.   0.12 0.   0.11 0.13 0.09 0.19 0.1  0.26],1
617,"[[ 1. -0. -1.]
 [-0. -0. -0.]
 [-0. -0. -1.]]",[0.   0.13 0.   0.12 0.12 0.37 0.14 0.12 0.  ],-1
618,"[[-1.  0.  1.]
 [ 0.  0. -1.]
 [ 0.  0.  1.]]",[0.   0.08 0.   0.01 0.08 0.   0.71 0.12 0.  ],1
619,"[[ 1. -0. -1.]
 [-0. -0.  1.]
 [-1. -0. -1.]]",[0.   0.23 0.   0.2  0.33 0.   0.   0.24 0.  ],-1
620,"[[-1.  0.  1.]
 [ 0. -1. -1.]
 [ 1.  0.  1.]]",[0.   0.02 0.   0.01 0.   0.   0.   0.97 0.  ],1
621,"[[0. 0. 0.]
 [0. 0. 0.]
 [0. 0. 0.]]",[0.13 0.13 0.14 0.1  0.12 0.1  0.14 0.11 0.03],1
622,"[[-0. -0. -1.]
 [-0. -0. -0.]
 [-0. -0. -0.]]",[0.17 0.13 0.   0.11 0.12 0.1  0.13 0.11 0.13],-1
623,"[[-1.  0.  1.]
 [ 0.  0.  0.]
 [ 0.  0.  0.]]",[0.   0.11 0.   0.11 0.12 0.1  0.19 0.11 0.26],1
624,"[[ 1. -0. -1.]
 [-0. -0. -0.]
 [-0. -0. -1.]]",[0.   0.12 0.   0.12 0.12 0.38 0.13 0.13 0.  ],-1
625,"[[-1.  0.  1.]
 [ 0.  0. -1.]
 [ 0.  0.  1.]]",[0.   0.08 0.   0.07 0.09 0.   0.69 0.07 0.  ],1
626,"[[ 1. -0. -1.]
 [-0. -0.  1.]
 [-1. -0. -1.]]",[0.   0.28 0.   0.15 0.3  0.   0.   0.27 0.  ],-1
627,"[[-1.  0.  1.]
 [ 0. -1. -1.]
 [ 1.  0.  1.]]",[0.   0.01 0.   0.06 0.   0.   0.   0.93 0.  ],1
628,"[[0. 0. 0.]
 [0. 0. 0.]
 [0. 0. 0.]]",[0.13 0.14 0.13 0.1  0.12 0.05 0.11 0.11 0.11],0
629,"[[-0. -1. -0.]
 [-0. -0. -0.]
 [-0. -0. -0.]]",[0.13 0.   0.18 0.12 0.12 0.11 0.12 0.1  0.12],0
630,"[[ 0.  1. -1.]
 [ 0.  0.  0.]
 [ 0.  0.  0.]]",[0.19 0.   0.   0.12 0.23 0.1  0.12 0.12 0.12],0
631,"[[-0. -1.  1.]
 [-0. -1. -0.]
 [-0. -0. -0.]]",[0.1  0.   0.   0.09 0.   0.09 0.1  0.52 0.1 ],0
632,"[[ 0.  1. -1.]
 [ 0.  1.  0.]
 [ 0. -1.  0.]]",[0.11 0.   0.   0.23 0.   0.25 0.22 0.   0.19],0
633,"[[-0. -1.  1.]
 [-0. -1. -1.]
 [-0.  1. -0.]]",[0.07 0.   0.   0.8  0.   0.   0.06 0.   0.07],0
634,"[[ 0.  1. -1.]
 [-1.  1.  1.]
 [ 0. -1.  0.]]",[0.21 0.   0.   0.   0.   0.   0.43 0.   0.36],0
635,"[[-0. -1.  1.]
 [ 1. -1. -1.]
 [-1.  1. -0.]]",[0.7 0.  0.  0.  0.  0.  0.  0.  0.3],0
636,"[[-1.  1. -1.]
 [-1.  1.  1.]
 [ 1. -1.  0.]]",[0. 0. 0. 0. 0. 0. 0. 0. 1.],0
637,"[[0. 0. 0.]
 [0. 0. 0.]
 [0. 0. 0.]]",[0.13 0.11 0.14 0.12 0.1  0.1  0.12 0.07 0.11],1
638,"[[-0. -0. -1.]
 [-0. -0. -0.]
 [-0. -0. -0.]]",[0.16 0.13 0.   0.11 0.13 0.11 0.13 0.11 0.12],-1
639,"[[-1.  0.  1.]
 [ 0.  0.  0.]
 [ 0.  0.  0.]]",[0.   0.11 0.   0.1  0.11 0.1  0.19 0.1  0.29],1
640,"[[ 1. -0. -1.]
 [-0. -0. -0.]
 [-0. -0. -1.]]",[0.   0.13 0.   0.12 0.12 0.37 0.14 0.12 0.  ],-1
641,"[[-1.  0.  1.]
 [ 0.  0. -1.]
 [ 0.  0.  1.]]",[0.   0.04 0.   0.01 0.04 0.   0.87 0.04 0.  ],1
642,"[[ 1. -0. -1.]
 [-0. -0.  1.]
 [-1. -0. -1.]]",[0.   0.24 0.   0.21 0.3  0.   0.   0.25 0.  ],-1
643,"[[-1.  0.  1.]
 [ 0. -1. -1.]
 [ 1.  0.  1.]]",[0.   0.02 0.   0.02 0.   0.   0.   0.96 0.  ],1
644,"[[0. 0. 0.]
 [0. 0. 0.]
 [0. 0. 0.]]",[0.16 0.12 0.14 0.11 0.11 0.1  0.12 0.02 0.12],1
645,"[[-1. -0. -0.]
 [-0. -0. -0.]
 [-0. -0. -0.]]",[0.   0.13 0.14 0.12 0.12 0.11 0.15 0.11 0.12],-1
646,"[[ 1.  0.  0.]
 [ 0.  0.  0.]
 [-1.  0.  0.]]",[0.   0.13 0.21 0.11 0.17 0.09 0.   0.1  0.19],1
647,"[[-1. -0. -1.]
 [-0. -0. -0.]
 [ 1. -0. -0.]]",[0.   0.43 0.   0.11 0.12 0.1  0.   0.11 0.13],-1
648,"[[ 1. -1.  1.]
 [ 0.  0.  0.]
 [-1.  0.  0.]]",[0.   0.   0.   0.08 0.13 0.01 0.   0.07 0.71],1
649,"[[-1.  1. -1.]
 [-0. -0. -0.]
 [ 1. -0. -1.]]",[0.   0.   0.   0.19 0.32 0.26 0.   0.23 0.  ],-1
650,"[[ 1. -1.  1.]
 [ 0. -1.  0.]
 [-1.  0.  1.]]",[0.   0.   0.   0.03 0.   0.96 0.   0.01 0.  ],1
651,"[[0. 0. 0.]
 [0. 0. 0.]
 [0. 0. 0.]]",[0.13 0.13 0.15 0.01 0.12 0.1  0.13 0.11 0.12],1
652,"[[-0. -0. -1.]
 [-0. -0. -0.]
 [-0. -0. -0.]]",[0.16 0.13 0.   0.12 0.13 0.1  0.13 0.11 0.12],-1
653,"[[-1.  0.  1.]
 [ 0.  0.  0.]
 [ 0.  0.  0.]]",[0.   0.12 0.   0.1  0.13 0.11 0.18 0.1  0.26],1
654,"[[ 1. -0. -1.]
 [-0. -0. -0.]
 [-0. -0. -1.]]",[0.   0.13 0.   0.12 0.13 0.36 0.14 0.12 0.  ],-1
655,"[[-1.  0.  1.]
 [ 0.  0. -1.]
 [ 0.  0.  1.]]",[0.   0.09 0.   0.08 0.08 0.   0.74 0.01 0.  ],1
656,"[[ 1. -0. -1.]
 [-0. -0.  1.]
 [-1. -0. -1.]]",[0.   0.22 0.   0.18 0.35 0.   0.   0.25 0.  ],-1
657,"[[-1.  0.  1.]
 [ 0. -1. -1.]
 [ 1.  0.  1.]]",[0.   0.02 0.   0.05 0.   0.   0.   0.93 0.  ],1
658,"[[0. 0. 0.]
 [0. 0. 0.]
 [0. 0. 0.]]",[0.13 0.12 0.14 0.1  0.14 0.1  0.13 0.1  0.04],1
659,"[[-0. -0. -1.]
 [-0. -0. -0.]
 [-0. -0. -0.]]",[0.14 0.13 0.   0.12 0.13 0.11 0.13 0.11 0.13],-1
660,"[[-1.  0.  1.]
 [ 0.  0.  0.]
 [ 0.  0.  0.]]",[0.   0.11 0.   0.1  0.12 0.11 0.19 0.11 0.26],1
661,"[[ 1. -0. -1.]
 [-0. -0. -0.]
 [-0. -0. -1.]]",[0.   0.12 0.   0.12 0.13 0.36 0.13 0.14 0.  ],-1
662,"[[-1.  0.  1.]
 [ 0.  0. -1.]
 [ 0.  0.  1.]]",[0.   0.04 0.   0.03 0.03 0.   0.86 0.04 0.  ],1
663,"[[ 1. -0. -1.]
 [-0. -0.  1.]
 [-1. -0. -1.]]",[0.   0.21 0.   0.28 0.24 0.   0.   0.27 0.  ],-1
664,"[[-1.  0.  1.]
 [-1.  0. -1.]
 [ 1.  0.  1.]]",[0.   0.02 0.   0.   0.44 0.   0.   0.54 0.  ],1
665,"[[0. 0. 0.]
 [0. 0. 0.]
 [0. 0. 0.]]",[0.16 0.12 0.12 0.12 0.11 0.1  0.12 0.11 0.04],1
666,"[[-1. -0. -0.]
 [-0. -0. -0.]
 [-0. -0. -0.]]",[0.   0.14 0.14 0.11 0.13 0.11 0.13 0.12 0.12],-1
667,"[[ 1. -1.  0.]
 [ 0.  0.  0.]
 [ 0.  0.  0.]]",[0.   0.   0.11 0.12 0.1  0.08 0.29 0.11 0.19],1
668,"[[-1.  1. -0.]
 [-0. -0. -0.]
 [-1. -0. -0.]]",[0.   0.   0.13 0.35 0.13 0.11 0.   0.14 0.14],-1
669,"[[ 1. -1.  0.]
 [-1.  0.  0.]
 [ 1.  0.  0.]]",[0.   0.   0.08 0.   0.07 0.01 0.   0.07 0.77],1
670,"[[-1.  1. -0.]
 [ 1. -0. -0.]
 [-1. -0. -1.]]",[0.   0.   0.2  0.   0.3  0.21 0.   0.29 0.  ],-1
671,"[[ 1. -1.  0.]
 [-1. -1.  0.]
 [ 1.  0.  1.]]",[0.   0.   0.02 0.   0.   0.01 0.   0.97 0.  ],1
672,"[[0. 0. 0.]
 [0. 0. 0.]
 [0. 0. 0.]]",[0.15 0.12 0.15 0.01 0.12 0.1  0.12 0.11 0.12],1
673,"[[-1. -0. -0.]
 [-0. -0. -0.]
 [-0. -0. -0.]]",[0.   0.13 0.14 0.11 0.12 0.11 0.15 0.11 0.13],-1
674,"[[ 1.  0.  0.]
 [ 0.  0.  0.]
 [-1.  0.  0.]]",[0.   0.13 0.2  0.1  0.19 0.09 0.   0.1  0.19],1
675,"[[-1. -0. -1.]
 [-0. -0. -0.]
 [ 1. -0. -0.]]",[0.   0.43 0.   0.1  0.13 0.11 0.   0.11 0.12],-1
676,"[[ 1. -1.  1.]
 [ 0.  0.  0.]
 [-1.  0.  0.]]",[0.   0.   0.   0.01 0.01 0.01 0.   0.05 0.92],1
677,"[[-1.  1. -1.]
 [-0. -0. -0.]
 [ 1. -0. -1.]]",[0.   0.   0.   0.18 0.34 0.25 0.   0.23 0.  ],-1
678,"[[ 1. -1.  1.]
 [ 0. -1.  0.]
 [-1.  0.  1.]]",[0.   0.   0.   0.03 0.   0.92 0.   0.05 0.  ],1
679,"[[0. 0. 0.]
 [0. 0. 0.]
 [0. 0. 0.]]",[0.12 0.11 0.15 0.1  0.09 0.07 0.13 0.1  0.13],1
680,"[[-0. -0. -1.]
 [-0. -0. -0.]
 [-0. -0. -0.]]",[0.14 0.13 0.   0.11 0.14 0.11 0.13 0.11 0.13],-1
681,"[[-1.  0.  1.]
 [ 0.  0.  0.]
 [ 0.  0.  0.]]",[0.   0.12 0.   0.1  0.12 0.1  0.19 0.1  0.27],1
682,"[[ 1. -0. -1.]
 [-0. -0. -0.]
 [-0. -0. -1.]]",[0.   0.12 0.   0.13 0.12 0.37 0.14 0.12 0.  ],-1
683,"[[-1.  0.  1.]
 [ 0.  0. -1.]
 [ 0.  0.  1.]]",[0.   0.08 0.   0.01 0.03 0.   0.85 0.03 0.  ],1
684,"[[ 1. -0. -1.]
 [-0. -0.  1.]
 [-1. -0. -1.]]",[0.   0.21 0.   0.26 0.28 0.   0.   0.25 0.  ],-1
685,"[[-1.  0.  1.]
 [ 0. -1. -1.]
 [ 1.  0.  1.]]",[0.   0.02 0.   0.02 0.   0.   0.   0.96 0.  ],1
686,"[[0. 0. 0.]
 [0. 0. 0.]
 [0. 0. 0.]]",[0.13 0.12 0.15 0.01 0.12 0.11 0.13 0.11 0.12],1
687,"[[-0. -0. -1.]
 [-0. -0. -0.]
 [-0. -0. -0.]]",[0.14 0.13 0.   0.12 0.12 0.11 0.13 0.12 0.13],-1
688,"[[-1.  0.  1.]
 [ 0.  0.  0.]
 [ 0.  0.  0.]]",[0.   0.11 0.   0.1  0.11 0.1  0.23 0.1  0.25],1
689,"[[ 1. -0. -1.]
 [-0. -0. -0.]
 [-0. -0. -1.]]",[0.   0.13 0.   0.12 0.13 0.37 0.13 0.12 0.  ],-1
690,"[[-1.  0.  1.]
 [ 0.  0. -1.]
 [ 0.  0.  1.]]",[0.   0.09 0.   0.01 0.07 0.   0.76 0.07 0.  ],1
691,"[[ 1. -0. -1.]
 [-0. -0.  1.]
 [-1. -0. -1.]]",[0.   0.3  0.   0.2  0.25 0.   0.   0.25 0.  ],-1
692,"[[-1. -1.  1.]
 [ 0.  0. -1.]
 [ 1.  0.  1.]]",[0.   0.   0.   0.25 0.28 0.   0.   0.47 0.  ],1
693,"[[0. 0. 0.]
 [0. 0. 0.]
 [0. 0. 0.]]",[0.13 0.12 0.12 0.11 0.12 0.01 0.13 0.11 0.15],1
694,"[[-0. -0. -0.]
 [-0. -0. -0.]
 [-0. -0. -1.]]",[0.13 0.13 0.15 0.11 0.13 0.1  0.14 0.11 0.  ],-1
695,"[[ 0.  0. -1.]
 [ 0.  0.  0.]
 [ 0.  0.  1.]]",[0.26 0.22 0.   0.1  0.11 0.1  0.11 0.1  0.  ],1
696,"[[-1. -0.  1.]
 [-0. -0. -0.]
 [-0. -0. -1.]]",[0.   0.14 0.   0.13 0.3  0.14 0.16 0.13 0.  ],-1
697,"[[ 1.  0. -1.]
 [ 0. -1.  0.]
 [ 0.  0.  1.]]",[0.   0.07 0.   0.01 0.   0.02 0.89 0.01 0.  ],1
698,"[[-1. -0.  1.]
 [-0.  1. -0.]
 [-1. -0. -1.]]",[0.   0.31 0.   0.29 0.   0.16 0.   0.24 0.  ],-1
699,"[[ 1. -1. -1.]
 [ 0. -1.  0.]
 [ 1.  0.  1.]]",[0.   0.   0.   0.57 0.   0.01 0.   0.42 0.  ],1
700,"[[0. 0. 0.]
 [0. 0. 0.]
 [0. 0. 0.]]",[0.13 0.14 0.12 0.1  0.05 0.1  0.12 0.11 0.13],1
701,"[[-0. -1. -0.]
 [-0. -0. -0.]
 [-0. -0. -0.]]",[0.13 0.   0.14 0.11 0.11 0.1  0.18 0.11 0.12],-1
702,"[[ 0.  1.  0.]
 [ 0.  0.  0.]
 [-1.  0.  0.]]",[0.29 0.   0.13 0.1  0.16 0.09 0.   0.12 0.11],1
703,"[[-1. -1. -0.]
 [-0. -0. -0.]
 [ 1. -0. -0.]]",[0.   0.   0.35 0.12 0.15 0.12 0.   0.12 0.14],-1
704,"[[ 1.  1. -1.]
 [ 0.  0.  0.]
 [-1.  0.  0.]]",[0.   0.   0.   0.01 0.94 0.01 0.   0.01 0.03],1
705,"[[-1. -1.  1.]
 [-0. -1. -0.]
 [ 1. -0. -0.]]",[0.   0.   0.   0.22 0.   0.19 0.   0.27 0.32],-1
706,"[[ 1.  1. -1.]
 [ 0.  1.  0.]
 [-1.  0. -1.]]",[0.   0.   0.   0.02 0.   0.01 0.   0.97 0.  ],1
707,"[[0. 0. 0.]
 [0. 0. 0.]
 [0. 0. 0.]]",[0.06 0.11 0.13 0.13 0.1  0.1  0.13 0.13 0.11],1
708,"[[-0. -0. -1.]
 [-0. -0. -0.]
 [-0. -0. -0.]]",[0.24 0.13 0.   0.1  0.11 0.09 0.12 0.1  0.11],-1
709,"[[-1.  0.  1.]
 [ 0.  0.  0.]
 [ 0.  0.  0.]]",[0.   0.12 0.   0.1  0.11 0.09 0.17 0.1  0.31],1
710,"[[ 1. -0. -1.]
 [-0. -0. -0.]
 [-0. -0. -1.]]",[0.   0.13 0.   0.12 0.14 0.36 0.13 0.12 0.  ],-1
711,"[[-1.  0.  1.]
 [ 0.  0. -1.]
 [ 0.  0.  1.]]",[0.   0.08 0.   0.07 0.08 0.   0.76 0.01 0.  ],1
712,"[[ 1. -0. -1.]
 [-0. -0.  1.]
 [-1. -0. -1.]]",[0.   0.26 0.   0.19 0.25 0.   0.   0.3  0.  ],-1
713,"[[-1.  0.  1.]
 [ 0.  0. -1.]
 [ 1. -1.  1.]]",[0.   0.06 0.   0.03 0.91 0.   0.   0.   0.  ],1
714,"[[0. 0. 0.]
 [0. 0. 0.]
 [0. 0. 0.]]",[0.13 0.12 0.16 0.11 0.11 0.01 0.13 0.11 0.12],1
715,"[[-0. -0. -1.]
 [-0. -0. -0.]
 [-0. -0. -0.]]",[0.23 0.12 0.   0.11 0.11 0.09 0.12 0.1  0.12],-1
716,"[[-1.  0.  1.]
 [ 0.  0.  0.]
 [ 0.  0.  0.]]",[0.   0.12 0.   0.1  0.11 0.1  0.18 0.11 0.28],1
717,"[[ 1. -0. -1.]
 [-0. -0. -0.]
 [-0. -0. -1.]]",[0.   0.13 0.   0.14 0.12 0.37 0.13 0.11 0.  ],-1
718,"[[-1.  0.  1.]
 [ 0.  0. -1.]
 [ 0.  0.  1.]]",[0.   0.07 0.   0.01 0.08 0.   0.77 0.07 0.  ],1
719,"[[ 1. -0. -1.]
 [-0. -0.  1.]
 [-1. -0. -1.]]",[0.   0.27 0.   0.2  0.28 0.   0.   0.25 0.  ],-1
720,"[[-1.  0.  1.]
 [ 0. -1. -1.]
 [ 1.  0.  1.]]",[0.   0.02 0.   0.01 0.   0.   0.   0.97 0.  ],1
721,"[[0. 0. 0.]
 [0. 0. 0.]
 [0. 0. 0.]]",[0.13 0.12 0.15 0.1  0.12 0.06 0.11 0.1  0.11],1
722,"[[-0. -0. -1.]
 [-0. -0. -0.]
 [-0. -0. -0.]]",[0.16 0.14 0.   0.11 0.12 0.1  0.13 0.11 0.13],-1
723,"[[-1.  0.  1.]
 [ 0.  0.  0.]
 [ 0.  0.  0.]]",[0.   0.11 0.   0.1  0.11 0.1  0.23 0.1  0.25],1
724,"[[ 1. -0. -1.]
 [-0. -0. -0.]
 [-0. -0. -1.]]",[0.   0.13 0.   0.11 0.15 0.36 0.13 0.12 0.  ],-1
725,"[[-1.  0.  1.]
 [ 0.  0. -1.]
 [ 0.  0.  1.]]",[0.   0.09 0.   0.07 0.08 0.   0.69 0.07 0.  ],1
726,"[[ 1. -0. -1.]
 [-0. -0.  1.]
 [-1. -0. -1.]]",[0.   0.26 0.   0.21 0.3  0.   0.   0.23 0.  ],-1
727,"[[-1.  0.  1.]
 [ 0. -1. -1.]
 [ 1.  0.  1.]]",[0.   0.04 0.   0.01 0.   0.   0.   0.95 0.  ],1
728,"[[0. 0. 0.]
 [0. 0. 0.]
 [0. 0. 0.]]",[0.11 0.12 0.15 0.1  0.11 0.07 0.14 0.1  0.1 ],1
729,"[[-0. -0. -1.]
 [-0. -0. -0.]
 [-0. -0. -0.]]",[0.14 0.13 0.   0.11 0.13 0.11 0.14 0.11 0.13],-1
730,"[[-1.  0.  1.]
 [ 0.  0.  0.]
 [ 0.  0.  0.]]",[0.   0.13 0.   0.1  0.11 0.16 0.18 0.1  0.22],1
731,"[[ 1. -0. -1.]
 [-0. -0. -0.]
 [-0. -0. -1.]]",[0.   0.15 0.   0.11 0.13 0.36 0.13 0.12 0.  ],-1
732,"[[-1.  0.  1.]
 [ 0.  0. -1.]
 [ 0.  0.  1.]]",[0.   0.05 0.   0.01 0.03 0.   0.9  0.01 0.  ],1
733,"[[ 1. -0. -1.]
 [-0. -0.  1.]
 [-1. -0. -1.]]",[0.   0.3  0.   0.2  0.26 0.   0.   0.24 0.  ],-1
734,"[[-1. -1.  1.]
 [ 0.  0. -1.]
 [ 1.  0.  1.]]",[0.   0.   0.   0.01 0.34 0.   0.   0.65 0.  ],1
735,"[[0. 0. 0.]
 [0. 0. 0.]
 [0. 0. 0.]]",[0.14 0.14 0.11 0.1  0.12 0.05 0.12 0.1  0.12],1
736,"[[-1. -0. -0.]
 [-0. -0. -0.]
 [-0. -0. -0.]]",[0.   0.13 0.14 0.11 0.13 0.1  0.14 0.12 0.13],-1
737,"[[ 1.  0. -1.]
 [ 0.  0.  0.]
 [ 0.  0.  0.]]",[0.   0.11 0.   0.11 0.1  0.09 0.3  0.1  0.19],1
738,"[[-1. -0.  1.]
 [-0. -0. -0.]
 [-1. -0. -0.]]",[0.   0.11 0.   0.46 0.11 0.09 0.   0.11 0.12],-1
739,"[[ 1.  0. -1.]
 [-1.  0.  0.]
 [ 1.  0.  0.]]",[0.   0.09 0.   0.   0.12 0.08 0.   0.12 0.59],1
740,"[[-1. -0.  1.]
 [ 1. -0. -0.]
 [-1. -0. -1.]]",[0.   0.25 0.   0.   0.28 0.21 0.   0.26 0.  ],-1
741,"[[ 1.  0. -1.]
 [-1. -1.  0.]
 [ 1.  0.  1.]]",[0.   0.02 0.   0.   0.   0.02 0.   0.96 0.  ],1
742,"[[0. 0. 0.]
 [0. 0. 0.]
 [0. 0. 0.]]",[0.15 0.12 0.13 0.02 0.13 0.1  0.12 0.11 0.12],1
743,"[[-1. -0. -0.]
 [-0. -0. -0.]
 [-0. -0. -0.]]",[0.   0.13 0.14 0.12 0.13 0.1  0.14 0.12 0.12],-1
744,"[[ 1.  0. -1.]
 [ 0.  0.  0.]
 [ 0.  0.  0.]]",[0.   0.11 0.   0.11 0.11 0.09 0.35 0.1  0.13],1
745,"[[-1. -0.  1.]
 [-0. -0. -0.]
 [-1. -0. -0.]]",[0.   0.11 0.   0.44 0.13 0.1  0.   0.11 0.11],-1
746,"[[ 1.  0. -1.]
 [-1.  0.  0.]
 [ 1.  0.  0.]]",[0.   0.08 0.   0.   0.13 0.01 0.   0.07 0.71],1
747,"[[-1. -0.  1.]
 [ 1. -0. -0.]
 [-1. -0. -1.]]",[0.   0.19 0.   0.   0.27 0.2  0.   0.34 0.  ],-1
748,"[[ 1.  0. -1.]
 [-1.  0.  0.]
 [ 1. -1.  1.]]",[0.   0.03 0.   0.   0.92 0.05 0.   0.   0.  ],1
749,"[[0. 0. 0.]
 [0. 0. 0.]
 [0. 0. 0.]]",[0.14 0.11 0.12 0.1  0.12 0.13 0.12 0.11 0.05],1
750,"[[-1. -0. -0.]
 [-0. -0. -0.]
 [-0. -0. -0.]]",[0.   0.13 0.14 0.11 0.13 0.1  0.13 0.13 0.13],-1
751,"[[ 1.  0. -1.]
 [ 0.  0.  0.]
 [ 0.  0.  0.]]",[0.   0.11 0.   0.12 0.1  0.1  0.31 0.1  0.16],1
752,"[[-1. -0.  1.]
 [-0. -0. -0.]
 [-1. -0. -0.]]",[0.   0.11 0.   0.45 0.12 0.1  0.   0.12 0.1 ],-1
753,"[[ 1.  0. -1.]
 [-1.  0.  0.]
 [ 1.  0.  0.]]",[0.   0.04 0.   0.   0.03 0.01 0.   0.03 0.89],1
754,"[[-1. -0.  1.]
 [ 1. -0. -0.]
 [-1. -0. -1.]]",[0.   0.22 0.   0.   0.28 0.23 0.   0.27 0.  ],-1
755,"[[ 1.  0. -1.]
 [-1. -1.  0.]
 [ 1.  0.  1.]]",[0.   0.02 0.   0.   0.   0.02 0.   0.96 0.  ],1
756,"[[0. 0. 0.]
 [0. 0. 0.]
 [0. 0. 0.]]",[0.15 0.12 0.13 0.11 0.11 0.03 0.14 0.1  0.11],1
757,"[[-1. -0. -0.]
 [-0. -0. -0.]
 [-0. -0. -0.]]",[0.   0.12 0.15 0.11 0.14 0.1  0.15 0.11 0.12],-1
758,"[[ 1.  0. -1.]
 [ 0.  0.  0.]
 [ 0.  0.  0.]]",[0.   0.11 0.   0.01 0.11 0.09 0.39 0.1  0.19],1
759,"[[-1. -0.  1.]
 [-0. -0. -0.]
 [-1. -0. -0.]]",[0.   0.11 0.   0.45 0.12 0.09 0.   0.11 0.12],-1
760,"[[ 1.  0. -1.]
 [-1.  0.  0.]
 [ 1.  0.  0.]]",[0.   0.01 0.   0.   0.01 0.04 0.   0.01 0.93],1
761,"[[-1. -0.  1.]
 [ 1. -0. -0.]
 [-1. -0. -1.]]",[0.   0.22 0.   0.   0.28 0.14 0.   0.36 0.  ],-1
762,"[[ 1.  0. -1.]
 [-1.  0.  0.]
 [ 1. -1.  1.]]",[0.   0.05 0.   0.   0.92 0.03 0.   0.   0.  ],1
763,"[[0. 0. 0.]
 [0. 0. 0.]
 [0. 0. 0.]]",[0.13 0.14 0.13 0.1  0.13 0.02 0.12 0.11 0.12],0
764,"[[-0. -1. -0.]
 [-0. -0. -0.]
 [-0. -0. -0.]]",[0.13 0.   0.16 0.11 0.12 0.1  0.14 0.11 0.13],0
765,"[[ 0.  1. -1.]
 [ 0.  0.  0.]
 [ 0.  0.  0.]]",[0.22 0.   0.   0.1  0.24 0.09 0.12 0.12 0.11],0
766,"[[-0. -1.  1.]
 [-0. -1. -0.]
 [-0. -0. -0.]]",[0.1  0.   0.   0.09 0.   0.09 0.1  0.52 0.1 ],0
767,"[[ 0.  1. -1.]
 [ 0.  1.  0.]
 [ 0. -1.  0.]]",[0.13 0.   0.   0.24 0.   0.26 0.17 0.   0.2 ],0
768,"[[-0. -1.  1.]
 [-0. -1. -1.]
 [-0.  1. -0.]]",[0.08 0.   0.   0.8  0.   0.   0.07 0.   0.05],0
769,"[[ 0.  1. -1.]
 [-1.  1.  1.]
 [ 0. -1.  0.]]",[0.38 0.   0.   0.   0.   0.   0.22 0.   0.4 ],0
770,"[[-0. -1.  1.]
 [ 1. -1. -1.]
 [-0.  1. -1.]]",[0.95 0.   0.   0.   0.   0.   0.05 0.   0.  ],0
771,"[[-1.  1. -1.]
 [-1.  1.  1.]
 [ 0. -1.  1.]]",[0. 0. 0. 0. 0. 0. 1. 0. 0.],0
772,"[[0. 0. 0.]
 [0. 0. 0.]
 [0. 0. 0.]]",[0.15 0.11 0.12 0.05 0.11 0.11 0.13 0.11 0.11],1
773,"[[-1. -0. -0.]
 [-0. -0. -0.]
 [-0. -0. -0.]]",[0.   0.13 0.14 0.12 0.12 0.11 0.13 0.12 0.13],-1
774,"[[ 1.  0. -1.]
 [ 0.  0.  0.]
 [ 0.  0.  0.]]",[0.   0.11 0.   0.12 0.1  0.09 0.32 0.1  0.16],1
775,"[[-1. -0.  1.]
 [-0. -0. -0.]
 [-1. -0. -0.]]",[0.   0.12 0.   0.45 0.11 0.1  0.   0.11 0.11],-1
776,"[[ 1.  0. -1.]
 [-1.  0.  0.]
 [ 1.  0.  0.]]",[0.   0.09 0.   0.   0.13 0.01 0.   0.12 0.65],1
777,"[[-1. -0.  1.]
 [ 1. -0. -0.]
 [-1. -0. -1.]]",[0.   0.27 0.   0.   0.26 0.18 0.   0.29 0.  ],-1
778,"[[ 1.  0. -1.]
 [-1.  0.  0.]
 [ 1. -1.  1.]]",[0.   0.05 0.   0.   0.9  0.05 0.   0.   0.  ],1
779,"[[0. 0. 0.]
 [0. 0. 0.]
 [0. 0. 0.]]",[0.12 0.12 0.12 0.11 0.14 0.04 0.12 0.11 0.12],0
780,"[[-0. -0. -0.]
 [-0. -1. -0.]
 [-0. -0. -0.]]",[0.14 0.14 0.13 0.12 0.   0.1  0.13 0.12 0.12],0
781,"[[-1.  0.  0.]
 [ 0.  1.  0.]
 [ 0.  0.  0.]]",[0.   0.24 0.12 0.16 0.   0.11 0.11 0.15 0.11],0
782,"[[ 1. -1. -0.]
 [-0. -1. -0.]
 [-0. -0. -0.]]",[0.   0.   0.1  0.1  0.   0.08 0.1  0.52 0.1 ],0
783,"[[-1.  1.  0.]
 [ 0.  1.  0.]
 [ 0. -1.  0.]]",[0.   0.   0.09 0.34 0.   0.21 0.19 0.   0.17],0
784,"[[ 1. -1. -0.]
 [-1. -1. -0.]
 [-0.  1. -0.]]",[0.   0.   0.06 0.   0.   0.8  0.08 0.   0.06],0
785,"[[-1.  1.  0.]
 [ 1.  1. -1.]
 [ 0. -1.  0.]]",[0.   0.   0.34 0.   0.   0.   0.39 0.   0.27],0
786,"[[ 1. -1. -0.]
 [-1. -1.  1.]
 [-1.  1. -0.]]",[0.   0.   0.97 0.   0.   0.   0.   0.   0.03],0
787,"[[-1.  1. -1.]
 [ 1.  1. -1.]
 [ 1. -1.  0.]]",[0. 0. 0. 0. 0. 0. 0. 0. 1.],0
788,"[[0. 0. 0.]
 [0. 0. 0.]
 [0. 0. 0.]]",[0.13 0.13 0.15 0.01 0.12 0.1  0.13 0.11 0.12],1
789,"[[-0. -0. -1.]
 [-0. -0. -0.]
 [-0. -0. -0.]]",[0.19 0.13 0.   0.11 0.12 0.1  0.12 0.11 0.12],-1
790,"[[-1.  0.  1.]
 [ 0.  0.  0.]
 [ 0.  0.  0.]]",[0.   0.12 0.   0.11 0.11 0.1  0.23 0.1  0.23],1
791,"[[ 1. -0. -1.]
 [-0. -0. -0.]
 [-1. -0. -0.]]",[0.   0.16 0.   0.12 0.36 0.11 0.   0.13 0.12],-1
792,"[[-1.  0.  1.]
 [ 0. -1.  0.]
 [ 1.  0.  0.]]",[0.   0.06 0.   0.01 0.   0.01 0.   0.06 0.86],1
793,"[[ 1. -0. -1.]
 [-0.  1. -0.]
 [-1. -0. -1.]]",[0.   0.23 0.   0.29 0.   0.23 0.   0.25 0.  ],-1
794,"[[-1.  0.  1.]
 [-1. -1.  0.]
 [ 1.  0.  1.]]",[0.   0.02 0.   0.   0.   0.46 0.   0.52 0.  ],1
795,"[[0. 0. 0.]
 [0. 0. 0.]
 [0. 0. 0.]]",[0.16 0.13 0.13 0.03 0.11 0.1  0.13 0.11 0.1 ],1
796,"[[-1. -0. -0.]
 [-0. -0. -0.]
 [-0. -0. -0.]]",[0.   0.13 0.14 0.12 0.13 0.11 0.13 0.12 0.12],-1
797,"[[ 1.  0. -1.]
 [ 0.  0.  0.]
 [ 0.  0.  0.]]",[0.   0.11 0.   0.12 0.11 0.09 0.29 0.1  0.18],1
798,"[[-1. -0.  1.]
 [-0. -0. -0.]
 [-1. -0. -0.]]",[0.   0.11 0.   0.46 0.11 0.11 0.   0.1  0.11],-1
799,"[[ 1.  0. -1.]
 [-1.  0.  0.]
 [ 1.  0.  0.]]",[0.   0.08 0.   0.   0.04 0.01 0.   0.01 0.86],1
800,"[[-1. -0.  1.]
 [ 1. -0. -0.]
 [-1. -0. -1.]]",[0.   0.28 0.   0.   0.28 0.18 0.   0.26 0.  ],-1
801,"[[ 1. -1. -1.]
 [-1.  0.  0.]
 [ 1.  0.  1.]]",[0.   0.   0.   0.   0.3  0.01 0.   0.69 0.  ],1
802,"[[0. 0. 0.]
 [0. 0. 0.]
 [0. 0. 0.]]",[0.14 0.12 0.13 0.03 0.12 0.1  0.12 0.12 0.12],1
803,"[[-1. -0. -0.]
 [-0. -0. -0.]
 [-0. -0. -0.]]",[0.   0.13 0.15 0.11 0.14 0.11 0.13 0.11 0.12],-1
804,"[[ 1.  0. -1.]
 [ 0.  0.  0.]
 [ 0.  0.  0.]]",[0.   0.12 0.   0.12 0.11 0.09 0.3  0.1  0.16],1
805,"[[-1. -0.  1.]
 [-0. -0. -0.]
 [-1. -0. -0.]]",[0.   0.13 0.   0.45 0.12 0.09 0.   0.1  0.11],-1
806,"[[ 1.  0. -1.]
 [-1.  0.  0.]
 [ 1.  0.  0.]]",[0.   0.09 0.   0.   0.12 0.01 0.   0.16 0.62],1
807,"[[-1. -0.  1.]
 [ 1. -0. -0.]
 [-1. -0. -1.]]",[0.   0.24 0.   0.   0.28 0.16 0.   0.32 0.  ],-1
808,"[[ 1.  0. -1.]
 [-1.  0.  0.]
 [ 1. -1.  1.]]",[0.   0.05 0.   0.   0.9  0.05 0.   0.   0.  ],1
809,"[[0. 0. 0.]
 [0. 0. 0.]
 [0. 0. 0.]]",[0.14 0.13 0.13 0.11 0.1  0.01 0.13 0.11 0.14],1
810,"[[-1. -0. -0.]
 [-0. -0. -0.]
 [-0. -0. -0.]]",[0.   0.13 0.14 0.11 0.14 0.1  0.14 0.12 0.12],-1
811,"[[ 1.  0. -1.]
 [ 0.  0.  0.]
 [ 0.  0.  0.]]",[0.   0.11 0.   0.02 0.11 0.09 0.4  0.11 0.16],1
812,"[[-1. -0.  1.]
 [-0. -0. -0.]
 [-1. -0. -0.]]",[0.   0.11 0.   0.47 0.11 0.1  0.   0.1  0.11],-1
813,"[[ 1.  0. -1.]
 [-1.  0.  0.]
 [ 1.  0.  0.]]",[0.   0.09 0.   0.   0.12 0.01 0.   0.12 0.66],1
814,"[[-1. -0.  1.]
 [ 1. -0. -0.]
 [-1. -0. -1.]]",[0.   0.25 0.   0.   0.29 0.2  0.   0.26 0.  ],-1
815,"[[ 1.  0. -1.]
 [-1. -1.  0.]
 [ 1.  0.  1.]]",[0.   0.03 0.   0.   0.   0.01 0.   0.96 0.  ],1
816,"[[0. 0. 0.]
 [0. 0. 0.]
 [0. 0. 0.]]",[0.14 0.1  0.12 0.1  0.16 0.1  0.12 0.11 0.05],0
817,"[[-0. -0. -0.]
 [-0. -1. -0.]
 [-0. -0. -0.]]",[0.14 0.13 0.13 0.11 0.   0.1  0.13 0.12 0.14],0
818,"[[-1.  0.  0.]
 [ 0.  1.  0.]
 [ 0.  0.  0.]]",[0.   0.2  0.12 0.19 0.   0.11 0.12 0.14 0.12],0
819,"[[ 1. -1. -0.]
 [-0. -1. -0.]
 [-0. -0. -0.]]",[0.   0.   0.1  0.1  0.   0.09 0.1  0.52 0.09],0
820,"[[-1.  1.  0.]
 [ 0.  1.  0.]
 [ 0. -1.  0.]]",[0.   0.   0.09 0.34 0.   0.24 0.2  0.   0.13],0
821,"[[ 1. -1. -0.]
 [-1. -1. -0.]
 [-0.  1. -0.]]",[0.   0.   0.06 0.   0.   0.81 0.07 0.   0.06],0
822,"[[-1.  1.  0.]
 [ 1.  1. -1.]
 [ 0. -1.  0.]]",[0.   0.   0.25 0.   0.   0.   0.44 0.   0.31],0
823,"[[ 1. -1. -0.]
 [-1. -1.  1.]
 [-1.  1. -0.]]",[0.   0.   0.97 0.   0.   0.   0.   0.   0.03],0
824,"[[-1.  1. -1.]
 [ 1.  1. -1.]
 [ 1. -1.  0.]]",[0. 0. 0. 0. 0. 0. 0. 0. 1.],0
825,"[[0. 0. 0.]
 [0. 0. 0.]
 [0. 0. 0.]]",[0.13 0.13 0.13 0.01 0.12 0.09 0.13 0.14 0.12],0
826,"[[-0. -0. -0.]
 [-0. -0. -0.]
 [-0. -1. -0.]]",[0.14 0.13 0.14 0.11 0.12 0.11 0.13 0.   0.12],0
827,"[[-1.  0.  0.]
 [ 0.  0.  0.]
 [ 0.  1.  0.]]",[0.   0.19 0.12 0.09 0.23 0.09 0.17 0.   0.11],0
828,"[[ 1. -0. -0.]
 [-0. -1. -0.]
 [-0. -1. -0.]]",[0.   0.69 0.09 0.09 0.   0.02 0.02 0.   0.09],0
829,"[[-1. -1.  0.]
 [ 0.  1.  0.]
 [ 0.  1.  0.]]",[0.   0.   0.79 0.06 0.   0.02 0.07 0.   0.06],0
830,"[[ 1.  1. -1.]
 [-0. -1. -0.]
 [-0. -1. -0.]]",[0.   0.   0.   0.06 0.   0.06 0.81 0.   0.07],0
831,"[[-1. -1.  1.]
 [ 0.  1.  0.]
 [-1.  1.  0.]]",[0.   0.   0.   0.9  0.   0.04 0.   0.   0.06],0
832,"[[ 1.  1. -1.]
 [-1. -1. -0.]
 [ 1. -1. -0.]]",[0.   0.   0.   0.   0.   0.96 0.   0.   0.04],0
833,"[[-1. -1.  1.]
 [ 1.  1. -1.]
 [-1.  1.  0.]]",[0. 0. 0. 0. 0. 0. 0. 0. 1.],0
834,"[[0. 0. 0.]
 [0. 0. 0.]
 [0. 0. 0.]]",[0.12 0.13 0.15 0.04 0.11 0.1  0.14 0.1  0.11],1
835,"[[-0. -0. -1.]
 [-0. -0. -0.]
 [-0. -0. -0.]]",[0.14 0.13 0.   0.11 0.13 0.1  0.13 0.12 0.14],-1
836,"[[-1.  0.  1.]
 [ 0.  0.  0.]
 [ 0.  0.  0.]]",[0.   0.12 0.   0.11 0.11 0.1  0.18 0.12 0.26],1
837,"[[ 1. -0. -1.]
 [-0. -0. -0.]
 [-0. -0. -1.]]",[0.   0.14 0.   0.12 0.12 0.36 0.14 0.12 0.  ],-1
838,"[[-1.  0.  1.]
 [ 0.  0. -1.]
 [ 0.  0.  1.]]",[0.   0.08 0.   0.07 0.08 0.   0.76 0.01 0.  ],1
839,"[[ 1. -0. -1.]
 [-0. -0.  1.]
 [-1. -0. -1.]]",[0.   0.23 0.   0.27 0.24 0.   0.   0.26 0.  ],-1
840,"[[-1.  0.  1.]
 [-1.  0. -1.]
 [ 1.  0.  1.]]",[0.   0.02 0.   0.   0.57 0.   0.   0.41 0.  ],1
841,"[[0. 0. 0.]
 [0. 0. 0.]
 [0. 0. 0.]]",[0.12 0.12 0.24 0.01 0.1  0.1  0.11 0.1  0.1 ],1
842,"[[-0. -0. -1.]
 [-0. -0. -0.]
 [-0. -0. -0.]]",[0.14 0.13 0.   0.12 0.13 0.1  0.13 0.13 0.12],-1
843,"[[-1.  0.  1.]
 [ 0.  0.  0.]
 [ 0.  0.  0.]]",[0.   0.11 0.   0.1  0.11 0.11 0.19 0.11 0.27],1
844,"[[ 1. -0. -1.]
 [-0. -0. -0.]
 [-0. -0. -1.]]",[0.   0.13 0.   0.12 0.12 0.37 0.15 0.11 0.  ],-1
845,"[[-1.  0.  1.]
 [ 0.  0. -1.]
 [ 0.  0.  1.]]",[0.   0.08 0.   0.07 0.03 0.   0.81 0.01 0.  ],1
846,"[[ 1. -0. -1.]
 [-0. -0.  1.]
 [-1. -0. -1.]]",[0.   0.21 0.   0.18 0.35 0.   0.   0.26 0.  ],-1
847,"[[-1.  0.  1.]
 [ 0. -1. -1.]
 [ 1.  0.  1.]]",[0.   0.02 0.   0.06 0.   0.   0.   0.92 0.  ],1
848,"[[0. 0. 0.]
 [0. 0. 0.]
 [0. 0. 0.]]",[0.13 0.11 0.12 0.03 0.13 0.1  0.12 0.15 0.11],0
849,"[[-0. -0. -0.]
 [-0. -0. -0.]
 [-0. -1. -0.]]",[0.13 0.12 0.13 0.11 0.12 0.11 0.13 0.   0.15],0
850,"[[ 0.  0.  0.]
 [ 0.  0.  0.]
 [ 0.  1. -1.]]",[0.11 0.17 0.19 0.09 0.24 0.09 0.11 0.   0.  ],0
851,"[[-0. -0. -0.]
 [-0. -1. -0.]
 [-0. -1.  1.]]",[0.02 0.64 0.09 0.08 0.   0.08 0.09 0.   0.  ],0
852,"[[ 0. -1.  0.]
 [ 0.  1.  0.]
 [ 0.  1. -1.]]",[0.11 0.   0.16 0.52 0.   0.11 0.1  0.   0.  ],0
853,"[[-0.  1. -0.]
 [-1. -1. -0.]
 [-0. -1.  1.]]",[0.07 0.   0.06 0.   0.   0.79 0.08 0.   0.  ],0
854,"[[ 0. -1.  0.]
 [ 1.  1. -1.]
 [ 0.  1. -1.]]",[0.02 0.   0.93 0.   0.   0.   0.05 0.   0.  ],0
855,"[[-0.  1. -1.]
 [-1. -1.  1.]
 [-0. -1.  1.]]",[0.02 0.   0.   0.   0.   0.   0.98 0.   0.  ],0
856,"[[ 0. -1.  1.]
 [ 1.  1. -1.]
 [-1.  1. -1.]]",[1. 0. 0. 0. 0. 0. 0. 0. 0.],0
857,"[[0. 0. 0.]
 [0. 0. 0.]
 [0. 0. 0.]]",[0.13 0.12 0.15 0.01 0.13 0.09 0.13 0.12 0.12],1
858,"[[-0. -0. -1.]
 [-0. -0. -0.]
 [-0. -0. -0.]]",[0.15 0.13 0.   0.12 0.12 0.1  0.13 0.13 0.12],-1
859,"[[-1.  0.  1.]
 [ 0.  0.  0.]
 [ 0.  0.  0.]]",[0.   0.13 0.   0.11 0.12 0.11 0.19 0.1  0.24],1
860,"[[ 1. -0. -1.]
 [-0. -0. -0.]
 [-0. -0. -1.]]",[0.   0.13 0.   0.11 0.12 0.36 0.13 0.15 0.  ],-1
861,"[[-1.  0.  1.]
 [ 0.  0. -1.]
 [ 0.  0.  1.]]",[0.   0.04 0.   0.01 0.08 0.   0.83 0.04 0.  ],1
862,"[[ 1. -0. -1.]
 [-0. -0.  1.]
 [-1. -0. -1.]]",[0.   0.21 0.   0.16 0.36 0.   0.   0.27 0.  ],-1
863,"[[-1.  0.  1.]
 [ 0. -1. -1.]
 [ 1.  0.  1.]]",[0.   0.04 0.   0.01 0.   0.   0.   0.95 0.  ],1
864,"[[0. 0. 0.]
 [0. 0. 0.]
 [0. 0. 0.]]",[0.16 0.12 0.12 0.11 0.12 0.1  0.14 0.11 0.02],1
865,"[[-1. -0. -0.]
 [-0. -0. -0.]
 [-0. -0. -0.]]",[0.   0.13 0.14 0.11 0.13 0.11 0.15 0.11 0.12],-1
866,"[[ 1.  0.  0.]
 [ 0.  0.  0.]
 [-1.  0.  0.]]",[0.   0.13 0.26 0.1  0.11 0.09 0.   0.12 0.19],1
867,"[[-1. -0. -1.]
 [-0. -0. -0.]
 [ 1. -0. -0.]]",[0.   0.45 0.   0.1  0.12 0.1  0.   0.12 0.11],-1
868,"[[ 1. -1.  1.]
 [ 0.  0.  0.]
 [-1.  0.  0.]]",[0.   0.   0.   0.01 0.01 0.04 0.   0.03 0.91],1
869,"[[-1.  1. -1.]
 [-0. -0. -0.]
 [ 1. -0. -1.]]",[0.   0.   0.   0.21 0.28 0.25 0.   0.26 0.  ],-1
870,"[[ 1. -1.  1.]
 [ 0. -1.  0.]
 [-1.  0.  1.]]",[0.   0.   0.   0.01 0.   0.98 0.   0.01 0.  ],1
871,"[[0. 0. 0.]
 [0. 0. 0.]
 [0. 0. 0.]]",[0.07 0.12 0.16 0.11 0.12 0.1  0.11 0.1  0.11],1
872,"[[-0. -0. -1.]
 [-0. -0. -0.]
 [-0. -0. -0.]]",[0.16 0.14 0.   0.11 0.13 0.1  0.13 0.11 0.12],-1
873,"[[-1.  0.  1.]
 [ 0.  0.  0.]
 [ 0.  0.  0.]]",[0.   0.11 0.   0.1  0.12 0.09 0.19 0.1  0.29],1
874,"[[ 1. -0. -1.]
 [-0. -0. -0.]
 [-0. -0. -1.]]",[0.   0.14 0.   0.12 0.12 0.36 0.14 0.12 0.  ],-1
875,"[[-1.  0.  1.]
 [ 0.  0. -1.]
 [ 0.  0.  1.]]",[0.   0.08 0.   0.02 0.08 0.   0.75 0.07 0.  ],1
876,"[[ 1. -0. -1.]
 [-0. -0.  1.]
 [-1. -0. -1.]]",[0.   0.2  0.   0.19 0.32 0.   0.   0.29 0.  ],-1
877,"[[-1.  0.  1.]
 [ 0. -1. -1.]
 [ 1.  0.  1.]]",[0.   0.02 0.   0.02 0.   0.   0.   0.96 0.  ],1
878,"[[0. 0. 0.]
 [0. 0. 0.]
 [0. 0. 0.]]",[0.15 0.12 0.13 0.01 0.11 0.11 0.13 0.12 0.12],1
879,"[[-1. -0. -0.]
 [-0. -0. -0.]
 [-0. -0. -0.]]",[0.   0.13 0.14 0.12 0.14 0.1  0.14 0.11 0.12],-1
880,"[[ 1.  0. -1.]
 [ 0.  0.  0.]
 [ 0.  0.  0.]]",[0.   0.11 0.   0.12 0.11 0.09 0.35 0.1  0.12],1
881,"[[-1. -0.  1.]
 [-0. -0. -0.]
 [-1. -0. -0.]]",[0.   0.11 0.   0.45 0.12 0.1  0.   0.11 0.11],-1
882,"[[ 1.  0. -1.]
 [-1.  0.  0.]
 [ 1.  0.  0.]]",[0.   0.09 0.   0.   0.12 0.07 0.   0.12 0.6 ],1
883,"[[-1. -0.  1.]
 [ 1. -0. -0.]
 [-1. -0. -1.]]",[0.   0.26 0.   0.   0.3  0.18 0.   0.26 0.  ],-1
884,"[[ 1.  0. -1.]
 [-1. -1.  0.]
 [ 1.  0.  1.]]",[0.   0.02 0.   0.   0.   0.01 0.   0.97 0.  ],1
885,"[[0. 0. 0.]
 [0. 0. 0.]
 [0. 0. 0.]]",[0.13 0.12 0.15 0.01 0.13 0.11 0.12 0.11 0.12],1
886,"[[-0. -0. -1.]
 [-0. -0. -0.]
 [-0. -0. -0.]]",[0.2  0.13 0.   0.11 0.11 0.1  0.12 0.11 0.12],-1
887,"[[-1.  0.  1.]
 [ 0.  0.  0.]
 [ 0.  0.  0.]]",[0.   0.11 0.   0.1  0.12 0.1  0.19 0.11 0.27],1
888,"[[ 1. -0. -1.]
 [-0. -0. -0.]
 [-0. -0. -1.]]",[0.   0.14 0.   0.12 0.13 0.36 0.13 0.12 0.  ],-1
889,"[[-1.  0.  1.]
 [ 0.  0. -1.]
 [ 0.  0.  1.]]",[0.   0.08 0.   0.03 0.08 0.   0.8  0.01 0.  ],1
890,"[[ 1. -0. -1.]
 [-0. -0.  1.]
 [-1. -0. -1.]]",[0.   0.25 0.   0.25 0.24 0.   0.   0.26 0.  ],-1
891,"[[-1.  0.  1.]
 [ 0.  0. -1.]
 [ 1. -1.  1.]]",[0.   0.04 0.   0.07 0.89 0.   0.   0.   0.  ],1
892,"[[0. 0. 0.]
 [0. 0. 0.]
 [0. 0. 0.]]",[0.13 0.12 0.15 0.04 0.11 0.1  0.12 0.11 0.12],1
893,"[[-0. -0. -1.]
 [-0. -0. -0.]
 [-0. -0. -0.]]",[0.23 0.12 0.   0.1  0.12 0.1  0.12 0.1  0.11],-1
894,"[[-1.  0.  1.]
 [ 0.  0.  0.]
 [ 0.  0.  0.]]",[0.   0.13 0.   0.1  0.11 0.1  0.19 0.11 0.26],1
895,"[[ 1. -0. -1.]
 [-0. -0. -0.]
 [-0. -0. -1.]]",[0.   0.12 0.   0.12 0.12 0.37 0.15 0.12 0.  ],-1
896,"[[-1.  0.  1.]
 [ 0.  0. -1.]
 [ 0.  0.  1.]]",[0.   0.08 0.   0.01 0.01 0.   0.86 0.04 0.  ],1
897,"[[ 1. -0. -1.]
 [-0. -0.  1.]
 [-1. -0. -1.]]",[0.   0.23 0.   0.28 0.26 0.   0.   0.23 0.  ],-1
898,"[[-1.  0.  1.]
 [-1.  0. -1.]
 [ 1.  0.  1.]]",[0.   0.02 0.   0.   0.58 0.   0.   0.4  0.  ],1
899,"[[0. 0. 0.]
 [0. 0. 0.]
 [0. 0. 0.]]",[0.13 0.13 0.15 0.01 0.12 0.1  0.13 0.11 0.12],1
900,"[[-0. -0. -1.]
 [-0. -0. -0.]
 [-0. -0. -0.]]",[0.14 0.13 0.   0.11 0.12 0.1  0.13 0.13 0.14],-1
901,"[[-1.  0.  1.]
 [ 0.  0.  0.]
 [ 0.  0.  0.]]",[0.   0.11 0.   0.12 0.12 0.1  0.19 0.1  0.26],1
902,"[[ 1. -0. -1.]
 [-0. -0. -0.]
 [-0. -0. -1.]]",[0.   0.12 0.   0.14 0.12 0.38 0.13 0.11 0.  ],-1
903,"[[-1.  0.  1.]
 [ 0.  0. -1.]
 [ 0.  0.  1.]]",[0.   0.01 0.   0.07 0.08 0.   0.81 0.03 0.  ],1
904,"[[ 1. -0. -1.]
 [-0. -0.  1.]
 [-1. -0. -1.]]",[0.   0.26 0.   0.18 0.33 0.   0.   0.23 0.  ],-1
905,"[[-1.  0.  1.]
 [ 0. -1. -1.]
 [ 1.  0.  1.]]",[0.   0.02 0.   0.02 0.   0.   0.   0.96 0.  ],1
906,"[[0. 0. 0.]
 [0. 0. 0.]
 [0. 0. 0.]]",[0.15 0.11 0.14 0.1  0.06 0.07 0.13 0.11 0.13],1
907,"[[-1. -0. -0.]
 [-0. -0. -0.]
 [-0. -0. -0.]]",[0.   0.13 0.14 0.12 0.13 0.11 0.13 0.12 0.12],-1
908,"[[ 1.  0. -1.]
 [ 0.  0.  0.]
 [ 0.  0.  0.]]",[0.   0.11 0.   0.09 0.11 0.11 0.3  0.1  0.18],1
909,"[[-1. -0.  1.]
 [-0. -0. -0.]
 [-1. -0. -0.]]",[0.   0.11 0.   0.44 0.11 0.12 0.   0.11 0.11],-1
910,"[[ 1.  0. -1.]
 [-1.  0.  0.]
 [ 1.  0.  0.]]",[0.   0.04 0.   0.   0.11 0.01 0.   0.01 0.83],1
911,"[[-1. -0.  1.]
 [ 1. -0. -0.]
 [-1. -0. -1.]]",[0.   0.28 0.   0.   0.25 0.19 0.   0.28 0.  ],-1
912,"[[ 1. -1. -1.]
 [-1.  0.  0.]
 [ 1.  0.  1.]]",[0.   0.   0.   0.   0.27 0.23 0.   0.5  0.  ],1
913,"[[0. 0. 0.]
 [0. 0. 0.]
 [0. 0. 0.]]",[0.11 0.11 0.12 0.1  0.12 0.04 0.14 0.11 0.15],1
914,"[[-0. -0. -0.]
 [-0. -0. -0.]
 [-0. -0. -1.]]",[0.13 0.13 0.14 0.13 0.12 0.1  0.13 0.12 0.  ],-1
915,"[[ 0.  0. -1.]
 [ 0.  0.  0.]
 [ 0.  0.  1.]]",[0.3  0.12 0.   0.1  0.1  0.1  0.17 0.11 0.  ],1
916,"[[-1. -0.  1.]
 [-0. -0. -0.]
 [-0. -0. -1.]]",[0.   0.14 0.   0.13 0.32 0.12 0.14 0.15 0.  ],-1
917,"[[ 1.  0. -1.]
 [ 0. -1.  0.]
 [ 0.  0.  1.]]",[0.   0.02 0.   0.01 0.   0.01 0.95 0.01 0.  ],1
918,"[[-1. -0.  1.]
 [-0.  1. -0.]
 [-1. -0. -1.]]",[0.   0.21 0.   0.32 0.   0.15 0.   0.32 0.  ],-1
919,"[[ 1.  0. -1.]
 [-1. -1.  0.]
 [ 1.  0.  1.]]",[0.   0.02 0.   0.   0.   0.03 0.   0.95 0.  ],1
920,"[[0. 0. 0.]
 [0. 0. 0.]
 [0. 0. 0.]]",[0.13 0.12 0.12 0.04 0.13 0.1  0.14 0.1  0.12],1
921,"[[-0. -0. -0.]
 [-0. -0. -0.]
 [-1. -0. -0.]]",[0.14 0.13 0.14 0.11 0.12 0.1  0.   0.13 0.13],-1
922,"[[-1.  0.  0.]
 [ 0.  0.  0.]
 [ 1.  0.  0.]]",[0.   0.12 0.24 0.11 0.12 0.12 0.   0.11 0.18],1
923,"[[ 1. -0. -1.]
 [-0. -0. -0.]
 [-1. -0. -0.]]",[0.   0.14 0.   0.12 0.36 0.12 0.   0.12 0.14],-1
924,"[[-1.  0.  1.]
 [ 0. -1.  0.]
 [ 1.  0.  0.]]",[0.   0.06 0.   0.06 0.   0.01 0.   0.06 0.81],1
925,"[[ 1. -0. -1.]
 [-0.  1. -0.]
 [-1. -0. -1.]]",[0.   0.22 0.   0.21 0.   0.26 0.   0.31 0.  ],-1
926,"[[-1.  0.  1.]
 [ 0. -1.  0.]
 [ 1. -1.  1.]]",[0.   0.06 0.   0.02 0.   0.92 0.   0.   0.  ],1
927,"[[0. 0. 0.]
 [0. 0. 0.]
 [0. 0. 0.]]",[0.14 0.12 0.14 0.1  0.11 0.03 0.14 0.11 0.11],1
928,"[[-1. -0. -0.]
 [-0. -0. -0.]
 [-0. -0. -0.]]",[0.   0.13 0.15 0.12 0.12 0.1  0.14 0.11 0.13],-1
929,"[[ 1.  0. -1.]
 [ 0.  0.  0.]
 [ 0.  0.  0.]]",[0.   0.11 0.   0.09 0.1  0.09 0.35 0.1  0.16],1
930,"[[-1. -0.  1.]
 [-0. -0. -0.]
 [-1. -0. -0.]]",[0.   0.11 0.   0.46 0.12 0.1  0.   0.1  0.11],-1
931,"[[ 1.  0. -1.]
 [-1.  0.  0.]
 [ 1.  0.  0.]]",[0.   0.09 0.   0.   0.03 0.01 0.   0.01 0.86],1
932,"[[-1. -0.  1.]
 [ 1. -0. -0.]
 [-1. -0. -1.]]",[0.   0.25 0.   0.   0.33 0.17 0.   0.25 0.  ],-1
933,"[[ 1.  0. -1.]
 [-1. -1.  0.]
 [ 1.  0.  1.]]",[0.   0.02 0.   0.   0.   0.06 0.   0.92 0.  ],1
