,board,hist,result
0,"[[0. 0. 0.]
 [0. 0. 0.]
 [0. 0. 0.]]",[0.12 0.12 0.11 0.11 0.1  0.1  0.12 0.11 0.11],1
1,"[[-1. -0. -0.]
 [-0. -0. -0.]
 [-0. -0. -0.]]",[0.   0.13 0.13 0.11 0.13 0.1  0.15 0.11 0.14],-1
2,"[[ 1.  0.  0.]
 [ 0.  0.  0.]
 [-1.  0.  0.]]",[0.   0.24 0.29 0.09 0.08 0.08 0.   0.08 0.14],1
3,"[[-1. -0. -1.]
 [-0. -0. -0.]
 [ 1. -0. -0.]]",[0.   0.49 0.   0.1  0.11 0.09 0.   0.11 0.1 ],-1
4,"[[ 1. -1.  1.]
 [ 0.  0.  0.]
 [-1.  0.  0.]]",[0.   0.   0.   0.06 0.07 0.07 0.   0.06 0.74],1
5,"[[-1.  1. -1.]
 [-0. -0. -0.]
 [ 1. -0. -1.]]",[0.   0.   0.   0.16 0.32 0.24 0.   0.28 0.  ],-1
6,"[[ 1. -1.  1.]
 [ 0. -1.  0.]
 [-1.  0.  1.]]",[0.   0.   0.   0.02 0.   0.96 0.   0.02 0.  ],1
7,"[[0. 0. 0.]
 [0. 0. 0.]
 [0. 0. 0.]]",[0.13 0.12 0.14 0.11 0.08 0.1  0.12 0.11 0.09],1
8,"[[-0. -0. -1.]
 [-0. -0. -0.]
 [-0. -0. -0.]]",[0.14 0.13 0.   0.12 0.11 0.1  0.17 0.1  0.13],-1
9,"[[ 0.  0.  1.]
 [ 0.  0.  0.]
 [-1.  0.  0.]]",[0.37 0.2  0.   0.08 0.11 0.09 0.   0.06 0.09],1
10,"[[-1. -0. -1.]
 [-0. -0. -0.]
 [ 1. -0. -0.]]",[0.   0.5  0.   0.1  0.1  0.11 0.   0.09 0.1 ],-1
11,"[[ 1. -1.  1.]
 [ 0.  0.  0.]
 [-1.  0.  0.]]",[0.   0.   0.   0.06 0.08 0.03 0.   0.06 0.77],1
12,"[[-1.  1. -1.]
 [-0. -0. -0.]
 [ 1. -0. -1.]]",[0.   0.   0.   0.18 0.27 0.23 0.   0.32 0.  ],-1
13,"[[ 1. -1.  1.]
 [ 0.  0.  0.]
 [-1. -1.  1.]]",[0.   0.   0.   0.01 0.46 0.53 0.   0.   0.  ],1
14,"[[0. 0. 0.]
 [0. 0. 0.]
 [0. 0. 0.]]",[0.12 0.12 0.11 0.1  0.12 0.1  0.11 0.11 0.11],1
15,"[[-1. -0. -0.]
 [-0. -0. -0.]
 [-0. -0. -0.]]",[0.   0.12 0.16 0.12 0.13 0.12 0.14 0.1  0.11],-1
16,"[[ 1.  0. -1.]
 [ 0.  0.  0.]
 [ 0.  0.  0.]]",[0.   0.12 0.   0.07 0.1  0.08 0.41 0.1  0.12],1
17,"[[-1. -0.  1.]
 [-0. -0. -0.]
 [-1. -0. -0.]]",[0.   0.11 0.   0.53 0.09 0.09 0.   0.09 0.09],-1
18,"[[ 1.  0. -1.]
 [-1.  0.  0.]
 [ 1.  0.  0.]]",[0.   0.09 0.   0.   0.11 0.07 0.   0.19 0.54],1
19,"[[-1. -0.  1.]
 [ 1. -0. -0.]
 [-1. -0. -1.]]",[0.   0.24 0.   0.   0.32 0.18 0.   0.26 0.  ],-1
20,"[[ 1.  0. -1.]
 [-1. -1.  0.]
 [ 1.  0.  1.]]",[0.   0.02 0.   0.   0.   0.06 0.   0.92 0.  ],1
21,"[[0. 0. 0.]
 [0. 0. 0.]
 [0. 0. 0.]]",[0.12 0.13 0.13 0.1  0.1  0.1  0.11 0.1  0.11],-1
22,"[[-0. -1. -0.]
 [-0. -0. -0.]
 [-0. -0. -0.]]",[0.18 0.   0.12 0.1  0.12 0.11 0.14 0.12 0.11],1
23,"[[-1.  1.  0.]
 [ 0.  0.  0.]
 [ 0.  0.  0.]]",[0.   0.   0.12 0.13 0.14 0.11 0.19 0.2  0.11],-1
24,"[[ 1. -1. -0.]
 [-0. -0. -0.]
 [-0. -1. -0.]]",[0.   0.   0.03 0.03 0.76 0.07 0.04 0.   0.07],1
25,"[[-1.  1.  0.]
 [ 0. -1.  0.]
 [ 0.  1.  0.]]",[0.   0.   0.17 0.16 0.   0.14 0.23 0.   0.3 ],-1
26,"[[ 1. -1. -0.]
 [-0.  1. -0.]
 [-0. -1. -1.]]",[0.   0.   0.02 0.03 0.   0.03 0.92 0.   0.  ],1
27,"[[-1.  1.  0.]
 [ 0. -1.  0.]
 [-1.  1.  1.]]",[0.  0.  0.4 0.4 0.  0.2 0.  0.  0. ],-1
28,"[[ 1. -1. -1.]
 [-0.  1. -0.]
 [ 1. -1. -1.]]",[0.   0.   0.   0.98 0.   0.02 0.   0.   0.  ],1
29,"[[0. 0. 0.]
 [0. 0. 0.]
 [0. 0. 0.]]",[0.17 0.11 0.11 0.1  0.11 0.08 0.12 0.1  0.1 ],0
30,"[[-1. -0. -0.]
 [-0. -0. -0.]
 [-0. -0. -0.]]",[0.   0.14 0.12 0.11 0.15 0.11 0.13 0.11 0.13],0
31,"[[ 1.  0.  0.]
 [ 0. -1.  0.]
 [ 0.  0.  0.]]",[0.   0.25 0.28 0.08 0.   0.08 0.14 0.1  0.07],0
32,"[[-1. -0. -1.]
 [-0.  1. -0.]
 [-0. -0. -0.]]",[0.   0.75 0.   0.07 0.   0.07 0.02 0.07 0.02],0
33,"[[ 1. -1.  1.]
 [ 0. -1.  0.]
 [ 0.  0.  0.]]",[0.   0.   0.   0.07 0.   0.07 0.07 0.72 0.07],0
34,"[[-1.  1. -1.]
 [-0.  1. -0.]
 [-0. -1. -0.]]",[0.   0.   0.   0.48 0.   0.26 0.17 0.   0.09],0
35,"[[ 1. -1.  1.]
 [-1. -1.  0.]
 [ 0.  1.  0.]]",[0.   0.   0.   0.   0.   0.9  0.06 0.   0.04],0
36,"[[-1.  1. -1.]
 [ 1.  1. -1.]
 [-0. -1. -0.]]",[0.   0.   0.   0.   0.   0.   0.07 0.   0.93],0
37,"[[ 1. -1.  1.]
 [-1. -1.  1.]
 [ 0.  1. -1.]]",[0. 0. 0. 0. 0. 0. 1. 0. 0.],0
38,"[[0. 0. 0.]
 [0. 0. 0.]
 [0. 0. 0.]]",[0.13 0.12 0.1  0.1  0.1  0.08 0.14 0.09 0.14],0
39,"[[-0. -0. -0.]
 [-0. -0. -0.]
 [-1. -0. -0.]]",[0.17 0.15 0.12 0.11 0.11 0.11 0.   0.09 0.14],0
40,"[[-1.  0.  0.]
 [ 0.  0.  0.]
 [ 1.  0.  0.]]",[0.   0.13 0.18 0.12 0.27 0.1  0.   0.09 0.11],0
41,"[[ 1. -0. -0.]
 [-0. -1. -0.]
 [-1. -0. -0.]]",[0.   0.08 0.59 0.08 0.   0.08 0.   0.09 0.08],0
42,"[[-1.  0. -1.]
 [ 0.  1.  0.]
 [ 1.  0.  0.]]",[0.   0.84 0.   0.06 0.   0.02 0.   0.06 0.02],0
43,"[[ 1. -1.  1.]
 [-0. -1. -0.]
 [-1. -0. -0.]]",[0.   0.   0.   0.06 0.   0.05 0.   0.83 0.06],0
44,"[[-1.  1. -1.]
 [ 0.  1.  0.]
 [ 1. -1.  0.]]",[0.   0.   0.   0.36 0.   0.34 0.   0.   0.3 ],0
45,"[[ 1. -1.  1.]
 [-1. -1. -0.]
 [-1.  1. -0.]]",[0.   0.   0.   0.   0.   0.93 0.   0.   0.07],0
46,"[[-1.  1. -1.]
 [ 1.  1. -1.]
 [ 1. -1.  0.]]",[0. 0. 0. 0. 0. 0. 0. 0. 1.],0
47,"[[0. 0. 0.]
 [0. 0. 0.]
 [0. 0. 0.]]",[0.16 0.12 0.11 0.11 0.1  0.1  0.12 0.08 0.1 ],1
48,"[[-1. -0. -0.]
 [-0. -0. -0.]
 [-0. -0. -0.]]",[0.   0.13 0.13 0.1  0.13 0.12 0.13 0.11 0.15],-1
49,"[[ 1.  0.  0.]
 [ 0.  0.  0.]
 [ 0.  0. -1.]]",[0.   0.22 0.44 0.08 0.06 0.06 0.08 0.06 0.  ],1
50,"[[-1. -0. -1.]
 [-0. -0. -0.]
 [-0. -0.  1.]]",[0.   0.32 0.   0.14 0.13 0.14 0.14 0.13 0.  ],-1
51,"[[ 1. -1.  1.]
 [ 0.  0.  0.]
 [ 0.  0. -1.]]",[0.   0.   0.   0.02 0.02 0.02 0.93 0.01 0.  ],1
52,"[[-1.  1. -1.]
 [-0. -0. -0.]
 [-1. -0.  1.]]",[0.   0.   0.   0.24 0.28 0.23 0.   0.25 0.  ],-1
53,"[[ 1. -1.  1.]
 [ 0. -1.  0.]
 [ 1.  0. -1.]]",[0.   0.   0.   0.95 0.   0.04 0.   0.01 0.  ],1
54,"[[0. 0. 0.]
 [0. 0. 0.]
 [0. 0. 0.]]",[0.14 0.12 0.11 0.12 0.1  0.1  0.11 0.08 0.12],1
55,"[[-1. -0. -0.]
 [-0. -0. -0.]
 [-0. -0. -0.]]",[0.   0.16 0.15 0.12 0.12 0.1  0.12 0.12 0.11],-1
56,"[[ 1. -1.  0.]
 [ 0.  0.  0.]
 [ 0.  0.  0.]]",[0.   0.   0.1  0.06 0.09 0.08 0.49 0.08 0.1 ],1
57,"[[-1.  1. -0.]
 [-0. -0. -0.]
 [-1. -0. -0.]]",[0.   0.   0.12 0.43 0.13 0.1  0.   0.11 0.11],-1
58,"[[ 1. -1.  0.]
 [-1.  0.  0.]
 [ 1.  0.  0.]]",[0.   0.   0.08 0.   0.78 0.07 0.   0.01 0.06],1
59,"[[-1.  1. -0.]
 [ 1. -1. -0.]
 [-1. -0. -0.]]",[0.   0.   0.24 0.   0.   0.2  0.   0.18 0.38],-1
60,"[[ 1. -1.  0.]
 [-1.  1.  0.]
 [ 1.  0. -1.]]",[0.   0.   0.94 0.   0.   0.03 0.   0.03 0.  ],1
61,"[[0. 0. 0.]
 [0. 0. 0.]
 [0. 0. 0.]]",[0.13 0.12 0.1  0.11 0.13 0.09 0.11 0.1  0.11],1
62,"[[-1. -0. -0.]
 [-0. -0. -0.]
 [-0. -0. -0.]]",[0.   0.14 0.13 0.11 0.11 0.12 0.13 0.14 0.12],-1
63,"[[ 1. -1.  0.]
 [ 0.  0.  0.]
 [ 0.  0.  0.]]",[0.   0.   0.09 0.08 0.09 0.09 0.51 0.07 0.07],1
64,"[[-1.  1. -0.]
 [-0. -0. -0.]
 [-1. -0. -0.]]",[0.   0.   0.12 0.44 0.11 0.1  0.   0.12 0.11],-1
65,"[[ 1. -1.  0.]
 [-1.  0.  0.]
 [ 1.  0.  0.]]",[0.   0.   0.09 0.   0.78 0.06 0.   0.02 0.05],1
66,"[[-1.  1. -0.]
 [ 1. -1. -0.]
 [-1. -0. -0.]]",[0.   0.   0.26 0.   0.   0.27 0.   0.16 0.31],-1
67,"[[ 1. -1.  0.]
 [-1.  1.  0.]
 [ 1.  0. -1.]]",[0.   0.   0.93 0.   0.   0.03 0.   0.04 0.  ],1
68,"[[0. 0. 0.]
 [0. 0. 0.]
 [0. 0. 0.]]",[0.12 0.13 0.11 0.1  0.1  0.14 0.12 0.09 0.09],-1
69,"[[-0. -0. -0.]
 [-0. -0. -1.]
 [-0. -0. -0.]]",[0.14 0.15 0.13 0.1  0.12 0.   0.13 0.11 0.12],1
70,"[[ 0. -1.  0.]
 [ 0.  0.  1.]
 [ 0.  0.  0.]]",[0.11 0.   0.09 0.21 0.09 0.   0.13 0.09 0.28],-1
71,"[[-0.  1. -0.]
 [-0. -0. -1.]
 [-0. -0. -1.]]",[0.02 0.   0.86 0.03 0.03 0.   0.03 0.03 0.  ],1
72,"[[ 0. -1. -1.]
 [ 0.  0.  1.]
 [ 0.  0.  1.]]",[0.43 0.   0.   0.18 0.13 0.   0.12 0.14 0.  ],-1
73,"[[-1.  1.  1.]
 [-0. -0. -1.]
 [-0. -0. -1.]]",[0.   0.   0.   0.02 0.94 0.   0.03 0.01 0.  ],1
74,"[[ 1. -1. -1.]
 [ 0. -1.  1.]
 [ 0.  0.  1.]]",[0.   0.   0.   0.21 0.   0.   0.34 0.45 0.  ],-1
75,"[[-1.  1.  1.]
 [-0.  1. -1.]
 [-0. -1. -1.]]",[0.   0.   0.   0.03 0.   0.   0.97 0.   0.  ],1
76,"[[0. 0. 0.]
 [0. 0. 0.]
 [0. 0. 0.]]",[0.15 0.11 0.1  0.1  0.09 0.11 0.13 0.1  0.11],1
77,"[[-1. -0. -0.]
 [-0. -0. -0.]
 [-0. -0. -0.]]",[0.   0.14 0.15 0.11 0.15 0.11 0.13 0.1  0.11],-1
78,"[[ 1.  0. -1.]
 [ 0.  0.  0.]
 [ 0.  0.  0.]]",[0.   0.1  0.   0.08 0.11 0.08 0.39 0.11 0.13],1
79,"[[-1. -0.  1.]
 [-0. -0. -0.]
 [-1. -0. -0.]]",[0.   0.09 0.   0.52 0.11 0.09 0.   0.08 0.11],-1
80,"[[ 1.  0. -1.]
 [-1.  0.  0.]
 [ 1.  0.  0.]]",[0.   0.09 0.   0.   0.09 0.06 0.   0.07 0.69],1
81,"[[-1. -0.  1.]
 [ 1. -0. -0.]
 [-1. -0. -1.]]",[0.   0.21 0.   0.   0.32 0.22 0.   0.25 0.  ],-1
82,"[[ 1.  0. -1.]
 [-1. -1.  0.]
 [ 1.  0.  1.]]",[0.   0.02 0.   0.   0.   0.05 0.   0.93 0.  ],1
83,"[[0. 0. 0.]
 [0. 0. 0.]
 [0. 0. 0.]]",[0.13 0.11 0.13 0.12 0.1  0.11 0.12 0.08 0.1 ],1
84,"[[-1. -0. -0.]
 [-0. -0. -0.]
 [-0. -0. -0.]]",[0.   0.16 0.13 0.11 0.12 0.11 0.13 0.13 0.11],-1
85,"[[ 1. -1.  0.]
 [ 0.  0.  0.]
 [ 0.  0.  0.]]",[0.   0.   0.09 0.07 0.08 0.06 0.53 0.09 0.08],1
86,"[[-1.  1. -0.]
 [-0. -0. -0.]
 [-1. -0. -0.]]",[0.   0.   0.12 0.43 0.11 0.1  0.   0.1  0.14],-1
87,"[[ 1. -1.  0.]
 [-1.  0.  0.]
 [ 1.  0.  0.]]",[0.   0.   0.07 0.   0.75 0.06 0.   0.05 0.07],1
88,"[[-1.  1. -0.]
 [ 1. -1. -0.]
 [-1. -0. -0.]]",[0.   0.   0.27 0.   0.   0.29 0.   0.18 0.26],-1
89,"[[ 1. -1.  0.]
 [-1.  1. -1.]
 [ 1.  0.  0.]]",[0.   0.   0.53 0.   0.   0.   0.   0.08 0.39],1
90,"[[0. 0. 0.]
 [0. 0. 0.]
 [0. 0. 0.]]",[0.13 0.12 0.11 0.13 0.1  0.1  0.11 0.1  0.1 ],1
91,"[[-1. -0. -0.]
 [-0. -0. -0.]
 [-0. -0. -0.]]",[0.   0.13 0.16 0.1  0.11 0.11 0.16 0.12 0.11],-1
92,"[[ 1.  0. -1.]
 [ 0.  0.  0.]
 [ 0.  0.  0.]]",[0.   0.11 0.   0.13 0.11 0.1  0.36 0.07 0.12],1
93,"[[-1. -0.  1.]
 [-0. -0. -0.]
 [-1. -0. -0.]]",[0.   0.11 0.   0.52 0.1  0.09 0.   0.09 0.09],-1
94,"[[ 1.  0. -1.]
 [-1.  0.  0.]
 [ 1.  0.  0.]]",[0.   0.09 0.   0.   0.09 0.07 0.   0.14 0.61],1
95,"[[-1. -0.  1.]
 [ 1. -0. -0.]
 [-1. -0. -1.]]",[0.   0.21 0.   0.   0.3  0.26 0.   0.23 0.  ],-1
96,"[[ 1.  0. -1.]
 [-1. -1.  0.]
 [ 1.  0.  1.]]",[0.   0.02 0.   0.   0.   0.03 0.   0.95 0.  ],1
97,"[[0. 0. 0.]
 [0. 0. 0.]
 [0. 0. 0.]]",[0.12 0.14 0.1  0.11 0.1  0.07 0.15 0.11 0.1 ],1
98,"[[-0. -0. -0.]
 [-0. -0. -0.]
 [-1. -0. -0.]]",[0.15 0.16 0.11 0.11 0.12 0.13 0.   0.1  0.12],-1
99,"[[ 0. -1.  0.]
 [ 0.  0.  0.]
 [ 1.  0.  0.]]",[0.54 0.   0.13 0.07 0.06 0.06 0.   0.05 0.09],1
100,"[[-1.  1. -0.]
 [-0. -0. -0.]
 [-1. -0. -0.]]",[0.   0.   0.11 0.45 0.11 0.1  0.   0.12 0.11],-1
101,"[[ 1. -1.  0.]
 [-1.  0.  0.]
 [ 1.  0.  0.]]",[0.   0.   0.08 0.   0.78 0.06 0.   0.01 0.07],1
102,"[[-1.  1. -0.]
 [ 1. -1. -0.]
 [-1. -0. -0.]]",[0.   0.   0.28 0.   0.   0.19 0.   0.24 0.29],-1
103,"[[ 1. -1.  0.]
 [-1.  1.  0.]
 [ 1.  0. -1.]]",[0.   0.   0.96 0.   0.   0.01 0.   0.03 0.  ],1
104,"[[0. 0. 0.]
 [0. 0. 0.]
 [0. 0. 0.]]",[0.15 0.14 0.12 0.11 0.1  0.09 0.11 0.09 0.09],1
105,"[[-1. -0. -0.]
 [-0. -0. -0.]
 [-0. -0. -0.]]",[0.   0.14 0.15 0.11 0.12 0.11 0.13 0.11 0.13],-1
106,"[[ 1.  0. -1.]
 [ 0.  0.  0.]
 [ 0.  0.  0.]]",[0.   0.12 0.   0.09 0.09 0.09 0.41 0.11 0.09],1
107,"[[-1. -0.  1.]
 [-0. -0. -0.]
 [-1. -0. -0.]]",[0.   0.1  0.   0.53 0.1  0.1  0.   0.08 0.09],-1
108,"[[ 1.  0. -1.]
 [-1.  0.  0.]
 [ 1.  0.  0.]]",[0.   0.08 0.   0.   0.09 0.07 0.   0.07 0.69],1
109,"[[-1. -0.  1.]
 [ 1. -0. -0.]
 [-1. -0. -1.]]",[0.   0.19 0.   0.   0.31 0.22 0.   0.28 0.  ],-1
110,"[[ 1.  0. -1.]
 [-1. -1.  0.]
 [ 1.  0.  1.]]",[0.   0.02 0.   0.   0.   0.03 0.   0.95 0.  ],1
111,"[[0. 0. 0.]
 [0. 0. 0.]
 [0. 0. 0.]]",[0.13 0.14 0.11 0.12 0.11 0.08 0.12 0.1  0.09],-1
112,"[[-0. -1. -0.]
 [-0. -0. -0.]
 [-0. -0. -0.]]",[0.16 0.   0.14 0.15 0.11 0.11 0.12 0.11 0.1 ],1
113,"[[-1.  1.  0.]
 [ 0.  0.  0.]
 [ 0.  0.  0.]]",[0.   0.   0.12 0.11 0.12 0.13 0.15 0.25 0.12],-1
114,"[[ 1. -1. -0.]
 [-0. -0. -0.]
 [-0. -1. -0.]]",[0.   0.   0.03 0.03 0.79 0.04 0.04 0.   0.07],1
115,"[[-1.  1.  0.]
 [ 0. -1.  0.]
 [ 0.  1.  0.]]",[0.   0.   0.17 0.2  0.   0.14 0.18 0.   0.31],-1
116,"[[ 1. -1. -0.]
 [-0.  1. -0.]
 [-0. -1. -1.]]",[0.   0.   0.04 0.03 0.   0.02 0.91 0.   0.  ],1
117,"[[-1.  1.  0.]
 [ 0. -1.  0.]
 [-1.  1.  1.]]",[0.   0.   0.33 0.26 0.   0.41 0.   0.   0.  ],-1
118,"[[ 1. -1. -0.]
 [-0.  1. -1.]
 [ 1. -1. -1.]]",[0.   0.   0.56 0.44 0.   0.   0.   0.   0.  ],1
119,"[[0. 0. 0.]
 [0. 0. 0.]
 [0. 0. 0.]]",[0.14 0.14 0.11 0.08 0.1  0.1  0.12 0.09 0.12],0
120,"[[-1. -0. -0.]
 [-0. -0. -0.]
 [-0. -0. -0.]]",[0.   0.13 0.13 0.12 0.14 0.11 0.13 0.1  0.14],0
121,"[[ 1.  0.  0.]
 [ 0. -1.  0.]
 [ 0.  0.  0.]]",[0.   0.25 0.28 0.09 0.   0.09 0.13 0.07 0.09],0
122,"[[-1. -0. -1.]
 [-0.  1. -0.]
 [-0. -0. -0.]]",[0.   0.75 0.   0.02 0.   0.07 0.07 0.07 0.02],0
123,"[[ 1. -1.  1.]
 [ 0. -1.  0.]
 [ 0.  0.  0.]]",[0.   0.   0.   0.07 0.   0.06 0.07 0.72 0.08],0
124,"[[-1.  1. -1.]
 [-0.  1. -0.]
 [-0. -1. -0.]]",[0.   0.   0.   0.25 0.   0.35 0.19 0.   0.21],0
125,"[[ 1. -1.  1.]
 [ 0. -1. -1.]
 [ 0.  1.  0.]]",[0.   0.   0.   0.89 0.   0.   0.06 0.   0.05],0
126,"[[-1.  1. -1.]
 [-1.  1.  1.]
 [-0. -1. -0.]]",[0.   0.   0.   0.   0.   0.   0.96 0.   0.04],0
127,"[[ 1. -1.  1.]
 [ 1. -1. -1.]
 [-1.  1.  0.]]",[0. 0. 0. 0. 0. 0. 0. 0. 1.],0
128,"[[0. 0. 0.]
 [0. 0. 0.]
 [0. 0. 0.]]",[0.13 0.13 0.11 0.1  0.12 0.08 0.13 0.1  0.1 ],1
129,"[[-1. -0. -0.]
 [-0. -0. -0.]
 [-0. -0. -0.]]",[0.   0.13 0.14 0.12 0.14 0.1  0.14 0.11 0.12],-1
130,"[[ 1.  0. -1.]
 [ 0.  0.  0.]
 [ 0.  0.  0.]]",[0.   0.1  0.   0.08 0.08 0.1  0.46 0.08 0.1 ],1
131,"[[-1. -0.  1.]
 [-0. -0. -0.]
 [-1. -0. -0.]]",[0.   0.1  0.   0.53 0.09 0.09 0.   0.09 0.1 ],-1
132,"[[ 1.  0. -1.]
 [-1.  0.  0.]
 [ 1.  0.  0.]]",[0.   0.08 0.   0.   0.09 0.07 0.   0.07 0.69],1
133,"[[-1. -0.  1.]
 [ 1. -0. -0.]
 [-1. -0. -1.]]",[0.   0.27 0.   0.   0.25 0.21 0.   0.27 0.  ],-1
134,"[[ 1. -1. -1.]
 [-1.  0.  0.]
 [ 1.  0.  1.]]",[0.   0.   0.   0.   0.37 0.03 0.   0.6  0.  ],1
135,"[[0. 0. 0.]
 [0. 0. 0.]
 [0. 0. 0.]]",[0.13 0.12 0.13 0.11 0.1  0.1  0.1  0.1  0.11],1
136,"[[-1. -0. -0.]
 [-0. -0. -0.]
 [-0. -0. -0.]]",[0.   0.14 0.13 0.11 0.11 0.1  0.13 0.13 0.15],-1
137,"[[ 1.  0.  0.]
 [ 0.  0.  0.]
 [ 0.  0. -1.]]",[0.   0.2  0.44 0.06 0.08 0.07 0.07 0.08 0.  ],1
138,"[[-1. -0. -1.]
 [-0. -0. -0.]
 [-0. -0.  1.]]",[0.   0.32 0.   0.12 0.13 0.17 0.14 0.12 0.  ],-1
139,"[[ 1. -1.  1.]
 [ 0.  0.  0.]
 [ 0.  0. -1.]]",[0.   0.   0.   0.02 0.02 0.02 0.9  0.04 0.  ],1
140,"[[-1.  1. -1.]
 [-0. -0. -0.]
 [-1. -0.  1.]]",[0.   0.   0.   0.29 0.32 0.17 0.   0.22 0.  ],-1
141,"[[ 1. -1.  1.]
 [ 0. -1.  0.]
 [ 1.  0. -1.]]",[0.   0.   0.   0.92 0.   0.02 0.   0.06 0.  ],1
142,"[[0. 0. 0.]
 [0. 0. 0.]
 [0. 0. 0.]]",[0.13 0.12 0.13 0.11 0.1  0.09 0.12 0.11 0.09],1
143,"[[-1. -0. -0.]
 [-0. -0. -0.]
 [-0. -0. -0.]]",[0.   0.13 0.13 0.12 0.12 0.1  0.15 0.12 0.13],-1
144,"[[ 1.  0.  0.]
 [ 0.  0.  0.]
 [-1.  0.  0.]]",[0.   0.25 0.31 0.08 0.11 0.08 0.   0.07 0.1 ],1
145,"[[-1. -0. -1.]
 [-0. -0. -0.]
 [ 1. -0. -0.]]",[0.   0.51 0.   0.1  0.1  0.09 0.   0.1  0.1 ],-1
146,"[[ 1. -1.  1.]
 [ 0.  0.  0.]
 [-1.  0.  0.]]",[0.   0.   0.   0.06 0.07 0.06 0.   0.04 0.77],1
147,"[[-1.  1. -1.]
 [-0. -0. -0.]
 [ 1. -0. -1.]]",[0.   0.   0.   0.17 0.27 0.35 0.   0.21 0.  ],-1
148,"[[ 1. -1.  1.]
 [ 0.  0. -1.]
 [-1.  0.  1.]]",[0.   0.   0.   0.04 0.93 0.   0.   0.03 0.  ],1
149,"[[0. 0. 0.]
 [0. 0. 0.]
 [0. 0. 0.]]",[0.14 0.12 0.11 0.11 0.1  0.09 0.13 0.1  0.1 ],1
150,"[[-1. -0. -0.]
 [-0. -0. -0.]
 [-0. -0. -0.]]",[0.   0.14 0.15 0.11 0.11 0.11 0.14 0.11 0.13],-1
151,"[[ 1.  0. -1.]
 [ 0.  0.  0.]
 [ 0.  0.  0.]]",[0.   0.13 0.   0.13 0.08 0.09 0.37 0.08 0.12],1
152,"[[-1. -0.  1.]
 [-0. -0. -0.]
 [-1. -0. -0.]]",[0.   0.1  0.   0.52 0.1  0.09 0.   0.09 0.1 ],-1
153,"[[ 1.  0. -1.]
 [-1.  0.  0.]
 [ 1.  0.  0.]]",[0.   0.06 0.   0.   0.07 0.06 0.   0.07 0.74],1
154,"[[-1. -0.  1.]
 [ 1. -0. -0.]
 [-1. -0. -1.]]",[0.   0.23 0.   0.   0.28 0.23 0.   0.26 0.  ],-1
155,"[[ 1.  0. -1.]
 [-1. -1.  0.]
 [ 1.  0.  1.]]",[0.   0.02 0.   0.   0.   0.02 0.   0.96 0.  ],1
156,"[[0. 0. 0.]
 [0. 0. 0.]
 [0. 0. 0.]]",[0.15 0.12 0.1  0.1  0.11 0.1  0.11 0.09 0.12],1
157,"[[-1. -0. -0.]
 [-0. -0. -0.]
 [-0. -0. -0.]]",[0.   0.14 0.13 0.12 0.14 0.11 0.13 0.12 0.11],-1
158,"[[ 1. -1.  0.]
 [ 0.  0.  0.]
 [ 0.  0.  0.]]",[0.   0.   0.09 0.05 0.1  0.1  0.52 0.06 0.08],1
159,"[[-1.  1. -0.]
 [-0. -0. -0.]
 [-1. -0. -0.]]",[0.   0.   0.11 0.45 0.11 0.11 0.   0.11 0.11],-1
160,"[[ 1. -1.  0.]
 [-1.  0.  0.]
 [ 1.  0.  0.]]",[0.   0.   0.09 0.   0.7  0.06 0.   0.08 0.07],1
161,"[[-1.  1. -0.]
 [ 1. -1. -0.]
 [-1. -0. -0.]]",[0.   0.   0.26 0.   0.   0.17 0.   0.23 0.34],-1
162,"[[ 1. -1.  0.]
 [-1.  1.  0.]
 [ 1.  0. -1.]]",[0.   0.   0.94 0.   0.   0.02 0.   0.04 0.  ],1
163,"[[0. 0. 0.]
 [0. 0. 0.]
 [0. 0. 0.]]",[0.13 0.12 0.11 0.1  0.09 0.09 0.15 0.09 0.12],0
164,"[[-0. -0. -0.]
 [-0. -0. -0.]
 [-1. -0. -0.]]",[0.15 0.12 0.12 0.12 0.13 0.12 0.   0.13 0.11],0
165,"[[-1.  0.  0.]
 [ 0.  0.  0.]
 [ 1.  0.  0.]]",[0.   0.14 0.16 0.12 0.29 0.09 0.   0.09 0.11],0
166,"[[ 1. -0. -0.]
 [-0. -1. -0.]
 [-1. -0. -0.]]",[0.   0.1  0.59 0.08 0.   0.07 0.   0.08 0.08],0
167,"[[-1.  0. -1.]
 [ 0.  1.  0.]
 [ 1.  0.  0.]]",[0.   0.8  0.   0.06 0.   0.06 0.   0.02 0.06],0
168,"[[ 1. -1.  1.]
 [-0. -1. -0.]
 [-1. -0. -0.]]",[0.   0.   0.   0.06 0.   0.07 0.   0.8  0.07],0
169,"[[-1.  1. -1.]
 [ 0.  1.  0.]
 [ 1. -1.  0.]]",[0.   0.   0.   0.42 0.   0.42 0.   0.   0.16],0
170,"[[ 1. -1.  1.]
 [-1. -1. -0.]
 [-1.  1. -0.]]",[0.   0.   0.   0.   0.   0.96 0.   0.   0.04],0
171,"[[-1.  1. -1.]
 [ 1.  1. -1.]
 [ 1. -1.  0.]]",[0. 0. 0. 0. 0. 0. 0. 0. 1.],0
172,"[[0. 0. 0.]
 [0. 0. 0.]
 [0. 0. 0.]]",[0.12 0.12 0.14 0.1  0.1  0.09 0.11 0.1  0.12],1
173,"[[-0. -0. -1.]
 [-0. -0. -0.]
 [-0. -0. -0.]]",[0.17 0.12 0.   0.14 0.12 0.1  0.14 0.1  0.11],-1
174,"[[-1.  0.  1.]
 [ 0.  0.  0.]
 [ 0.  0.  0.]]",[0.   0.13 0.   0.12 0.1  0.12 0.34 0.09 0.1 ],1
175,"[[ 1. -0. -1.]
 [-0. -0. -0.]
 [-1. -0. -0.]]",[0.  0.1 0.  0.1 0.5 0.1 0.  0.1 0.1],-1
176,"[[-1.  0.  1.]
 [ 0. -1.  0.]
 [ 1.  0.  0.]]",[0.   0.06 0.   0.05 0.   0.05 0.   0.05 0.79],1
177,"[[ 1. -0. -1.]
 [-0.  1. -0.]
 [-1. -0. -1.]]",[0.   0.31 0.   0.2  0.   0.26 0.   0.23 0.  ],-1
178,"[[-1. -1.  1.]
 [ 0. -1.  0.]
 [ 1.  0.  1.]]",[0.   0.   0.   0.01 0.   0.52 0.   0.47 0.  ],1
179,"[[0. 0. 0.]
 [0. 0. 0.]
 [0. 0. 0.]]",[0.13 0.12 0.11 0.09 0.12 0.11 0.13 0.08 0.11],1
180,"[[-1. -0. -0.]
 [-0. -0. -0.]
 [-0. -0. -0.]]",[0.   0.14 0.15 0.13 0.13 0.11 0.12 0.11 0.11],-1
181,"[[ 1.  0. -1.]
 [ 0.  0.  0.]
 [ 0.  0.  0.]]",[0.   0.1  0.   0.09 0.11 0.09 0.44 0.09 0.08],1
182,"[[-1. -0.  1.]
 [-0. -0. -0.]
 [-1. -0. -0.]]",[0.   0.1  0.   0.54 0.09 0.09 0.   0.08 0.1 ],-1
183,"[[ 1.  0. -1.]
 [-1.  0.  0.]
 [ 1.  0.  0.]]",[0.   0.09 0.   0.   0.09 0.07 0.   0.19 0.56],1
184,"[[-1. -0.  1.]
 [ 1. -0. -0.]
 [-1. -0. -1.]]",[0.   0.18 0.   0.   0.31 0.23 0.   0.28 0.  ],-1
185,"[[ 1.  0. -1.]
 [-1. -1.  0.]
 [ 1.  0.  1.]]",[0.   0.02 0.   0.   0.   0.02 0.   0.96 0.  ],1
186,"[[0. 0. 0.]
 [0. 0. 0.]
 [0. 0. 0.]]",[0.14 0.13 0.1  0.1  0.11 0.11 0.12 0.08 0.11],1
187,"[[-1. -0. -0.]
 [-0. -0. -0.]
 [-0. -0. -0.]]",[0.   0.14 0.13 0.11 0.11 0.12 0.15 0.12 0.12],-1
188,"[[ 1.  0.  0.]
 [ 0.  0.  0.]
 [-1.  0.  0.]]",[0.   0.26 0.29 0.08 0.12 0.08 0.   0.08 0.09],1
189,"[[-1. -0. -1.]
 [-0. -0. -0.]
 [ 1. -0. -0.]]",[0.  0.5 0.  0.1 0.1 0.1 0.  0.1 0.1],-1
190,"[[ 1. -1.  1.]
 [ 0.  0.  0.]
 [-1.  0.  0.]]",[0.   0.   0.   0.06 0.06 0.04 0.   0.03 0.81],1
191,"[[-1.  1. -1.]
 [-0. -0. -0.]
 [ 1. -0. -1.]]",[0.   0.   0.   0.22 0.31 0.29 0.   0.18 0.  ],-1
192,"[[ 1. -1.  1.]
 [ 0. -1.  0.]
 [-1.  0.  1.]]",[0.   0.   0.   0.03 0.   0.94 0.   0.03 0.  ],1
193,"[[0. 0. 0.]
 [0. 0. 0.]
 [0. 0. 0.]]",[0.12 0.14 0.1  0.1  0.11 0.08 0.12 0.1  0.13],-1
194,"[[-0. -1. -0.]
 [-0. -0. -0.]
 [-0. -0. -0.]]",[0.15 0.   0.12 0.11 0.11 0.12 0.15 0.11 0.13],1
195,"[[-1.  1.  0.]
 [ 0.  0.  0.]
 [ 0.  0.  0.]]",[0.   0.   0.17 0.1  0.12 0.14 0.15 0.19 0.13],-1
196,"[[ 1. -1. -0.]
 [-0. -0. -0.]
 [-0. -1. -0.]]",[0.   0.   0.03 0.07 0.75 0.04 0.07 0.   0.04],1
197,"[[-1.  1.  0.]
 [ 0. -1.  0.]
 [ 0.  1.  0.]]",[0.   0.   0.2  0.15 0.   0.15 0.18 0.   0.32],-1
198,"[[ 1. -1. -0.]
 [-0.  1. -0.]
 [-0. -1. -1.]]",[0.   0.   0.04 0.02 0.   0.01 0.93 0.   0.  ],1
199,"[[-1.  1.  0.]
 [ 0. -1.  0.]
 [-1.  1.  1.]]",[0.   0.   0.45 0.35 0.   0.2  0.   0.   0.  ],-1
200,"[[ 1. -1. -1.]
 [-0.  1. -0.]
 [ 1. -1. -1.]]",[0.   0.   0.   0.94 0.   0.06 0.   0.   0.  ],1
201,"[[0. 0. 0.]
 [0. 0. 0.]
 [0. 0. 0.]]",[0.12 0.12 0.11 0.12 0.1  0.1  0.11 0.11 0.11],1
202,"[[-1. -0. -0.]
 [-0. -0. -0.]
 [-0. -0. -0.]]",[0.   0.13 0.14 0.1  0.13 0.12 0.15 0.11 0.12],-1
203,"[[ 1.  0.  0.]
 [ 0.  0.  0.]
 [-1.  0.  0.]]",[0.   0.26 0.26 0.09 0.1  0.13 0.   0.08 0.08],1
204,"[[-1. -1. -0.]
 [-0. -0. -0.]
 [ 1. -0. -0.]]",[0.   0.   0.45 0.1  0.12 0.12 0.   0.1  0.11],-1
205,"[[ 1.  1. -1.]
 [ 0.  0.  0.]
 [-1.  0.  0.]]",[0.   0.   0.   0.02 0.89 0.03 0.   0.03 0.03],1
206,"[[-1. -1.  1.]
 [-0. -1. -0.]
 [ 1. -0. -0.]]",[0.   0.   0.   0.19 0.   0.21 0.   0.31 0.29],-1
207,"[[ 1.  1. -1.]
 [ 0.  1.  0.]
 [-1. -1.  0.]]",[0.   0.   0.   0.03 0.   0.03 0.   0.   0.94],1
208,"[[0. 0. 0.]
 [0. 0. 0.]
 [0. 0. 0.]]",[0.12 0.12 0.11 0.09 0.13 0.08 0.13 0.12 0.1 ],0
209,"[[-0. -0. -0.]
 [-0. -1. -0.]
 [-0. -0. -0.]]",[0.13 0.13 0.12 0.11 0.   0.13 0.15 0.11 0.12],0
210,"[[ 0.  0.  0.]
 [ 0.  1.  0.]
 [-1.  0.  0.]]",[0.11 0.17 0.1  0.09 0.   0.18 0.   0.12 0.23],0
211,"[[-0. -0. -0.]
 [-0. -1. -0.]
 [ 1. -0. -1.]]",[0.6  0.08 0.09 0.09 0.   0.07 0.   0.07 0.  ],0
212,"[[-1.  0.  0.]
 [ 0.  1.  0.]
 [-1.  0.  1.]]",[0.   0.03 0.03 0.84 0.   0.04 0.   0.06 0.  ],0
213,"[[ 1. -0. -0.]
 [-1. -1. -0.]
 [ 1. -0. -1.]]",[0.   0.08 0.06 0.   0.   0.8  0.   0.06 0.  ],0
214,"[[-1.  0.  0.]
 [ 1.  1. -1.]
 [-1.  0.  1.]]",[0.   0.28 0.36 0.   0.   0.   0.   0.36 0.  ],0
215,"[[ 1. -0. -1.]
 [-1. -1.  1.]
 [ 1. -0. -1.]]",[0.   0.43 0.   0.   0.   0.   0.   0.57 0.  ],0
216,"[[-1.  0.  1.]
 [ 1.  1. -1.]
 [-1. -1.  1.]]",[0. 1. 0. 0. 0. 0. 0. 0. 0.],0
217,"[[0. 0. 0.]
 [0. 0. 0.]
 [0. 0. 0.]]",[0.12 0.13 0.1  0.1  0.12 0.1  0.11 0.11 0.11],1
218,"[[-0. -1. -0.]
 [-0. -0. -0.]
 [-0. -0. -0.]]",[0.14 0.   0.13 0.1  0.13 0.12 0.15 0.12 0.11],-1
219,"[[ 0.  1.  0.]
 [ 0.  0.  0.]
 [-1.  0.  0.]]",[0.27 0.   0.21 0.1  0.11 0.09 0.   0.09 0.13],1
220,"[[-1. -1. -0.]
 [-0. -0. -0.]
 [ 1. -0. -0.]]",[0.   0.   0.44 0.12 0.12 0.11 0.   0.1  0.11],-1
221,"[[ 1.  1. -1.]
 [ 0.  0.  0.]
 [-1.  0.  0.]]",[0.   0.   0.   0.02 0.89 0.03 0.   0.03 0.03],1
222,"[[-1. -1.  1.]
 [-0. -1. -0.]
 [ 1. -0. -0.]]",[0.   0.   0.   0.26 0.   0.2  0.   0.26 0.28],-1
223,"[[ 1.  1. -1.]
 [ 0.  1.  0.]
 [-1.  0. -1.]]",[0.   0.   0.   0.02 0.   0.02 0.   0.96 0.  ],1
224,"[[0. 0. 0.]
 [0. 0. 0.]
 [0. 0. 0.]]",[0.12 0.12 0.11 0.11 0.1  0.11 0.14 0.1  0.09],1
225,"[[-0. -0. -0.]
 [-0. -0. -0.]
 [-1. -0. -0.]]",[0.16 0.12 0.12 0.11 0.14 0.11 0.   0.1  0.14],-1
226,"[[-1.  0.  0.]
 [ 0.  0.  0.]
 [ 1.  0.  0.]]",[0.   0.12 0.32 0.1  0.14 0.1  0.   0.1  0.12],1
227,"[[ 1. -0. -1.]
 [-0. -0. -0.]
 [-1. -0. -0.]]",[0.   0.1  0.   0.1  0.48 0.1  0.   0.11 0.11],-1
228,"[[-1.  0.  1.]
 [ 0. -1.  0.]
 [ 1.  0.  0.]]",[0.   0.05 0.   0.05 0.   0.05 0.   0.05 0.8 ],1
229,"[[ 1. -0. -1.]
 [-0.  1. -0.]
 [-1. -0. -1.]]",[0.   0.24 0.   0.22 0.   0.26 0.   0.28 0.  ],-1
230,"[[-1.  0.  1.]
 [ 0. -1.  0.]
 [ 1. -1.  1.]]",[0.   0.02 0.   0.01 0.   0.97 0.   0.   0.  ],1
231,"[[0. 0. 0.]
 [0. 0. 0.]
 [0. 0. 0.]]",[0.13 0.14 0.11 0.1  0.11 0.1  0.13 0.08 0.1 ],0
232,"[[-0. -1. -0.]
 [-0. -0. -0.]
 [-0. -0. -0.]]",[0.17 0.   0.11 0.12 0.12 0.11 0.15 0.1  0.12],0
233,"[[-1.  1.  0.]
 [ 0.  0.  0.]
 [ 0.  0.  0.]]",[0.   0.   0.14 0.12 0.12 0.11 0.2  0.18 0.13],0
234,"[[ 1. -1. -0.]
 [-0. -0. -0.]
 [-1. -0. -0.]]",[0.   0.   0.15 0.11 0.28 0.11 0.   0.1  0.25],0
235,"[[-1.  1.  0.]
 [ 0. -1.  0.]
 [ 1.  0.  0.]]",[0.   0.   0.06 0.06 0.   0.06 0.   0.06 0.76],0
236,"[[ 1. -1. -0.]
 [-0.  1. -0.]
 [-1. -0. -1.]]",[0.   0.   0.05 0.06 0.   0.05 0.   0.84 0.  ],0
237,"[[-1.  1.  0.]
 [ 0. -1.  0.]
 [ 1. -1.  1.]]",[0.   0.   0.37 0.38 0.   0.25 0.   0.   0.  ],0
238,"[[ 1. -1. -0.]
 [-1.  1. -0.]
 [-1.  1. -1.]]",[0.   0.   0.36 0.   0.   0.64 0.   0.   0.  ],0
239,"[[-1.  1.  0.]
 [ 1. -1. -1.]
 [ 1. -1.  1.]]",[0. 0. 1. 0. 0. 0. 0. 0. 0.],0
240,"[[0. 0. 0.]
 [0. 0. 0.]
 [0. 0. 0.]]",[0.12 0.12 0.12 0.08 0.11 0.11 0.14 0.1  0.1 ],1
241,"[[-0. -0. -0.]
 [-0. -0. -0.]
 [-1. -0. -0.]]",[0.17 0.12 0.13 0.1  0.15 0.12 0.   0.1  0.11],-1
242,"[[-1.  0.  0.]
 [ 0.  0.  0.]
 [ 1.  0.  0.]]",[0.   0.12 0.32 0.08 0.21 0.08 0.   0.1  0.09],1
243,"[[ 1. -0. -1.]
 [-0. -0. -0.]
 [-1. -0. -0.]]",[0.   0.11 0.   0.1  0.49 0.1  0.   0.09 0.11],-1
244,"[[-1.  0.  1.]
 [ 0. -1.  0.]
 [ 1.  0.  0.]]",[0.   0.05 0.   0.06 0.   0.05 0.   0.06 0.78],1
245,"[[ 1. -0. -1.]
 [-0.  1. -0.]
 [-1. -0. -1.]]",[0.   0.23 0.   0.21 0.   0.3  0.   0.26 0.  ],-1
246,"[[-1.  0.  1.]
 [ 0. -1. -1.]
 [ 1.  0.  1.]]",[0.   0.02 0.   0.03 0.   0.   0.   0.95 0.  ],1
247,"[[0. 0. 0.]
 [0. 0. 0.]
 [0. 0. 0.]]",[0.13 0.13 0.1  0.1  0.09 0.11 0.12 0.11 0.11],1
248,"[[-1. -0. -0.]
 [-0. -0. -0.]
 [-0. -0. -0.]]",[0.   0.13 0.13 0.11 0.13 0.11 0.18 0.1  0.11],-1
249,"[[ 1.  0.  0.]
 [ 0.  0.  0.]
 [-1.  0.  0.]]",[0.   0.26 0.25 0.08 0.09 0.12 0.   0.1  0.1 ],1
250,"[[-1. -1. -0.]
 [-0. -0. -0.]
 [ 1. -0. -0.]]",[0.   0.   0.42 0.11 0.12 0.11 0.   0.11 0.13],-1
251,"[[ 1.  1. -1.]
 [ 0.  0.  0.]
 [-1.  0.  0.]]",[0.   0.   0.   0.02 0.89 0.03 0.   0.03 0.03],1
252,"[[-1. -1.  1.]
 [-0. -1. -0.]
 [ 1. -0. -0.]]",[0.   0.   0.   0.19 0.   0.24 0.   0.24 0.33],-1
253,"[[ 1.  1. -1.]
 [ 0.  1.  0.]
 [-1.  0. -1.]]",[0.   0.   0.   0.02 0.   0.02 0.   0.96 0.  ],1
254,"[[0. 0. 0.]
 [0. 0. 0.]
 [0. 0. 0.]]",[0.12 0.12 0.12 0.11 0.09 0.12 0.13 0.1  0.09],1
255,"[[-0. -0. -0.]
 [-0. -0. -0.]
 [-1. -0. -0.]]",[0.15 0.14 0.13 0.13 0.12 0.1  0.   0.11 0.12],-1
256,"[[-1.  0.  0.]
 [ 0.  0.  0.]
 [ 1.  0.  0.]]",[0.   0.11 0.41 0.09 0.12 0.09 0.   0.08 0.1 ],1
257,"[[ 1. -0. -1.]
 [-0. -0. -0.]
 [-1. -0. -0.]]",[0.   0.11 0.   0.1  0.49 0.09 0.   0.1  0.11],-1
258,"[[-1.  0.  1.]
 [ 0. -1.  0.]
 [ 1.  0.  0.]]",[0.   0.06 0.   0.05 0.   0.05 0.   0.05 0.79],1
259,"[[ 1. -0. -1.]
 [-0.  1. -0.]
 [-1. -0. -1.]]",[0.   0.23 0.   0.23 0.   0.32 0.   0.22 0.  ],-1
260,"[[-1.  0.  1.]
 [ 0. -1. -1.]
 [ 1.  0.  1.]]",[0.   0.02 0.   0.05 0.   0.   0.   0.93 0.  ],1
261,"[[0. 0. 0.]
 [0. 0. 0.]
 [0. 0. 0.]]",[0.14 0.12 0.1  0.13 0.09 0.09 0.11 0.11 0.11],1
262,"[[-1. -0. -0.]
 [-0. -0. -0.]
 [-0. -0. -0.]]",[0.   0.12 0.13 0.11 0.12 0.12 0.15 0.13 0.12],-1
263,"[[ 1.  0.  0.]
 [ 0.  0.  0.]
 [-1.  0.  0.]]",[0.   0.26 0.18 0.08 0.09 0.1  0.   0.1  0.19],1
264,"[[-1. -1. -0.]
 [-0. -0. -0.]
 [ 1. -0. -0.]]",[0.   0.   0.43 0.11 0.13 0.11 0.   0.1  0.12],-1
265,"[[ 1.  1. -1.]
 [ 0.  0.  0.]
 [-1.  0.  0.]]",[0.   0.   0.   0.02 0.89 0.03 0.   0.03 0.03],1
266,"[[-1. -1.  1.]
 [-0. -1. -0.]
 [ 1. -0. -0.]]",[0.   0.   0.   0.2  0.   0.19 0.   0.28 0.33],-1
267,"[[ 1.  1. -1.]
 [ 0.  1.  0.]
 [-1.  0. -1.]]",[0.   0.   0.   0.02 0.   0.03 0.   0.95 0.  ],1
268,"[[0. 0. 0.]
 [0. 0. 0.]
 [0. 0. 0.]]",[0.16 0.12 0.1  0.09 0.1  0.13 0.11 0.09 0.1 ],1
269,"[[-1. -0. -0.]
 [-0. -0. -0.]
 [-0. -0. -0.]]",[0.   0.14 0.14 0.1  0.12 0.11 0.14 0.12 0.13],-1
270,"[[ 1. -1.  0.]
 [ 0.  0.  0.]
 [ 0.  0.  0.]]",[0.   0.   0.1  0.07 0.09 0.08 0.5  0.08 0.08],1
271,"[[-1.  1. -0.]
 [-0. -0. -0.]
 [-1. -0. -0.]]",[0.   0.   0.13 0.45 0.11 0.1  0.   0.1  0.11],-1
272,"[[ 1. -1.  0.]
 [-1.  0.  0.]
 [ 1.  0.  0.]]",[0.   0.   0.08 0.   0.77 0.04 0.   0.04 0.07],1
273,"[[-1.  1. -0.]
 [ 1. -1. -0.]
 [-1. -0. -0.]]",[0.   0.   0.26 0.   0.   0.17 0.   0.25 0.32],-1
274,"[[ 1. -1.  0.]
 [-1.  1.  0.]
 [ 1.  0. -1.]]",[0.   0.   0.94 0.   0.   0.02 0.   0.04 0.  ],1
275,"[[0. 0. 0.]
 [0. 0. 0.]
 [0. 0. 0.]]",[0.12 0.11 0.11 0.09 0.1  0.12 0.14 0.09 0.12],1
276,"[[-0. -0. -0.]
 [-0. -0. -0.]
 [-1. -0. -0.]]",[0.15 0.16 0.11 0.13 0.12 0.11 0.   0.09 0.13],-1
277,"[[ 0. -1.  0.]
 [ 0.  0.  0.]
 [ 1.  0.  0.]]",[0.49 0.   0.08 0.08 0.11 0.08 0.   0.08 0.08],1
278,"[[-1.  1. -0.]
 [-0. -0. -0.]
 [-1. -0. -0.]]",[0.   0.   0.12 0.45 0.12 0.09 0.   0.1  0.12],-1
279,"[[ 1. -1.  0.]
 [-1.  0.  0.]
 [ 1.  0.  0.]]",[0.   0.   0.09 0.   0.79 0.05 0.   0.01 0.06],1
280,"[[-1.  1. -0.]
 [ 1. -1. -0.]
 [-1. -0. -0.]]",[0.   0.   0.32 0.   0.   0.24 0.   0.18 0.26],-1
281,"[[ 1. -1. -1.]
 [-1.  1.  0.]
 [ 1.  0.  0.]]",[0.   0.   0.   0.   0.   0.03 0.   0.03 0.94],1
282,"[[0. 0. 0.]
 [0. 0. 0.]
 [0. 0. 0.]]",[0.13 0.12 0.12 0.11 0.11 0.09 0.12 0.1  0.1 ],1
283,"[[-1. -0. -0.]
 [-0. -0. -0.]
 [-0. -0. -0.]]",[0.   0.13 0.14 0.1  0.11 0.14 0.12 0.1  0.16],-1
284,"[[ 1.  0.  0.]
 [ 0.  0.  0.]
 [ 0.  0. -1.]]",[0.   0.25 0.3  0.1  0.09 0.07 0.12 0.07 0.  ],1
285,"[[-1. -0. -1.]
 [-0. -0. -0.]
 [-0. -0.  1.]]",[0.   0.32 0.   0.14 0.14 0.13 0.14 0.13 0.  ],-1
286,"[[ 1. -1.  1.]
 [ 0.  0.  0.]
 [ 0.  0. -1.]]",[0.   0.   0.   0.02 0.06 0.02 0.89 0.01 0.  ],1
287,"[[-1.  1. -1.]
 [-0. -0. -0.]
 [-1. -0.  1.]]",[0.   0.   0.   0.31 0.33 0.19 0.   0.17 0.  ],-1
288,"[[ 1. -1.  1.]
 [ 0. -1.  0.]
 [ 1.  0. -1.]]",[0.   0.   0.   0.94 0.   0.01 0.   0.05 0.  ],1
289,"[[0. 0. 0.]
 [0. 0. 0.]
 [0. 0. 0.]]",[0.12 0.12 0.14 0.11 0.1  0.08 0.12 0.09 0.12],1
290,"[[-0. -0. -1.]
 [-0. -0. -0.]
 [-0. -0. -0.]]",[0.17 0.12 0.   0.13 0.12 0.11 0.14 0.1  0.11],-1
291,"[[-1.  0.  1.]
 [ 0.  0.  0.]
 [ 0.  0.  0.]]",[0.   0.12 0.   0.1  0.11 0.1  0.39 0.08 0.1 ],1
292,"[[ 1. -0. -1.]
 [-0. -0. -0.]
 [-1. -0. -0.]]",[0.   0.11 0.   0.09 0.48 0.1  0.   0.12 0.1 ],-1
293,"[[-1.  0.  1.]
 [ 0. -1.  0.]
 [ 1.  0.  0.]]",[0.   0.06 0.   0.05 0.   0.05 0.   0.05 0.79],1
294,"[[ 1. -0. -1.]
 [-0.  1. -0.]
 [-1. -0. -1.]]",[0.   0.3  0.   0.2  0.   0.25 0.   0.25 0.  ],-1
295,"[[-1. -1.  1.]
 [ 0. -1.  0.]
 [ 1.  0.  1.]]",[0.   0.   0.   0.03 0.   0.32 0.   0.65 0.  ],1
296,"[[0. 0. 0.]
 [0. 0. 0.]
 [0. 0. 0.]]",[0.14 0.13 0.12 0.1  0.1  0.11 0.11 0.1  0.09],1
297,"[[-1. -0. -0.]
 [-0. -0. -0.]
 [-0. -0. -0.]]",[0.   0.16 0.13 0.1  0.15 0.1  0.13 0.11 0.12],-1
298,"[[ 1. -1.  0.]
 [ 0.  0.  0.]
 [ 0.  0.  0.]]",[0.   0.   0.08 0.1  0.09 0.05 0.51 0.09 0.08],1
299,"[[-1.  1. -0.]
 [-0. -0. -0.]
 [-1. -0. -0.]]",[0.   0.   0.12 0.45 0.12 0.1  0.   0.1  0.11],-1
300,"[[ 1. -1.  0.]
 [-1.  0.  0.]
 [ 1.  0.  0.]]",[0.   0.   0.09 0.   0.7  0.06 0.   0.08 0.07],1
301,"[[-1.  1. -0.]
 [ 1. -1. -0.]
 [-1. -0. -0.]]",[0.   0.   0.24 0.   0.   0.18 0.   0.22 0.36],-1
302,"[[ 1. -1.  0.]
 [-1.  1.  0.]
 [ 1.  0. -1.]]",[0.   0.   0.93 0.   0.   0.03 0.   0.04 0.  ],1
303,"[[0. 0. 0.]
 [0. 0. 0.]
 [0. 0. 0.]]",[0.14 0.14 0.12 0.09 0.1  0.09 0.13 0.09 0.1 ],1
304,"[[-1. -0. -0.]
 [-0. -0. -0.]
 [-0. -0. -0.]]",[0.   0.14 0.16 0.11 0.12 0.13 0.13 0.1  0.11],-1
305,"[[ 1.  0. -1.]
 [ 0.  0.  0.]
 [ 0.  0.  0.]]",[0.   0.09 0.   0.08 0.09 0.11 0.41 0.09 0.13],1
306,"[[-1. -0.  1.]
 [-0. -0. -0.]
 [-1. -0. -0.]]",[0.   0.09 0.   0.54 0.09 0.09 0.   0.09 0.1 ],-1
307,"[[ 1.  0. -1.]
 [-1.  0.  0.]
 [ 1.  0.  0.]]",[0.   0.09 0.   0.   0.09 0.08 0.   0.15 0.59],1
308,"[[-1. -0.  1.]
 [ 1. -0. -0.]
 [-1. -0. -1.]]",[0.   0.24 0.   0.   0.28 0.16 0.   0.32 0.  ],-1
309,"[[ 1.  0. -1.]
 [-1.  0.  0.]
 [ 1. -1.  1.]]",[0.   0.03 0.   0.   0.93 0.04 0.   0.   0.  ],1
310,"[[0. 0. 0.]
 [0. 0. 0.]
 [0. 0. 0.]]",[0.12 0.17 0.12 0.11 0.1  0.09 0.11 0.08 0.1 ],-1
311,"[[-0. -1. -0.]
 [-0. -0. -0.]
 [-0. -0. -0.]]",[0.16 0.   0.13 0.12 0.12 0.13 0.12 0.11 0.11],1
312,"[[-1.  1.  0.]
 [ 0.  0.  0.]
 [ 0.  0.  0.]]",[0.   0.   0.14 0.1  0.13 0.1  0.16 0.26 0.11],-1
313,"[[ 1. -1. -0.]
 [-0. -0. -0.]
 [-0. -1. -0.]]",[0.   0.   0.03 0.03 0.82 0.04 0.04 0.   0.04],1
314,"[[-1.  1.  0.]
 [ 0. -1.  0.]
 [ 0.  1.  0.]]",[0.   0.   0.19 0.15 0.   0.15 0.21 0.   0.3 ],-1
315,"[[ 1. -1. -0.]
 [-0.  1. -0.]
 [-0. -1. -1.]]",[0.   0.   0.04 0.03 0.   0.01 0.92 0.   0.  ],1
316,"[[-1.  1.  0.]
 [ 0. -1.  0.]
 [-1.  1.  1.]]",[0.   0.   0.29 0.28 0.   0.43 0.   0.   0.  ],-1
317,"[[ 1. -1. -0.]
 [-0.  1. -1.]
 [ 1. -1. -1.]]",[0.   0.   0.47 0.53 0.   0.   0.   0.   0.  ],1
318,"[[0. 0. 0.]
 [0. 0. 0.]
 [0. 0. 0.]]",[0.14 0.12 0.1  0.11 0.12 0.09 0.12 0.09 0.11],1
319,"[[-1. -0. -0.]
 [-0. -0. -0.]
 [-0. -0. -0.]]",[0.   0.14 0.12 0.13 0.13 0.13 0.13 0.09 0.13],-1
320,"[[ 1. -1.  0.]
 [ 0.  0.  0.]
 [ 0.  0.  0.]]",[0.   0.   0.08 0.08 0.09 0.07 0.51 0.08 0.09],1
321,"[[-1.  1. -0.]
 [-0. -0. -0.]
 [-1. -0. -0.]]",[0.   0.   0.13 0.45 0.12 0.1  0.   0.09 0.11],-1
322,"[[ 1. -1.  0.]
 [-1.  0.  0.]
 [ 1.  0.  0.]]",[0.   0.   0.08 0.   0.76 0.04 0.   0.06 0.06],1
323,"[[-1.  1. -0.]
 [ 1. -1. -0.]
 [-1. -0. -0.]]",[0.   0.   0.27 0.   0.   0.22 0.   0.17 0.34],-1
324,"[[ 1. -1.  0.]
 [-1.  1.  0.]
 [ 1.  0. -1.]]",[0.   0.   0.96 0.   0.   0.02 0.   0.02 0.  ],1
325,"[[0. 0. 0.]
 [0. 0. 0.]
 [0. 0. 0.]]",[0.12 0.13 0.1  0.1  0.1  0.12 0.14 0.09 0.1 ],1
326,"[[-0. -0. -0.]
 [-0. -0. -0.]
 [-1. -0. -0.]]",[0.16 0.14 0.13 0.1  0.12 0.1  0.   0.11 0.14],-1
327,"[[-1.  0.  0.]
 [ 0.  0.  0.]
 [ 1.  0.  0.]]",[0.   0.12 0.39 0.08 0.14 0.09 0.   0.09 0.09],1
328,"[[ 1. -0. -1.]
 [-0. -0. -0.]
 [-1. -0. -0.]]",[0.   0.11 0.   0.11 0.48 0.1  0.   0.11 0.09],-1
329,"[[-1.  0.  1.]
 [ 0. -1.  0.]
 [ 1.  0.  0.]]",[0.   0.05 0.   0.05 0.   0.05 0.   0.05 0.8 ],1
330,"[[ 1. -0. -1.]
 [-0.  1. -0.]
 [-1. -0. -1.]]",[0.   0.28 0.   0.25 0.   0.24 0.   0.23 0.  ],-1
331,"[[-1. -1.  1.]
 [ 0. -1.  0.]
 [ 1.  0.  1.]]",[0.   0.   0.   0.02 0.   0.74 0.   0.24 0.  ],1
332,"[[0. 0. 0.]
 [0. 0. 0.]
 [0. 0. 0.]]",[0.13 0.12 0.12 0.09 0.11 0.1  0.12 0.1  0.11],0
333,"[[-1. -0. -0.]
 [-0. -0. -0.]
 [-0. -0. -0.]]",[0.   0.13 0.13 0.13 0.11 0.11 0.12 0.14 0.13],0
334,"[[ 1.  0.  0.]
 [ 0.  0.  0.]
 [ 0. -1.  0.]]",[0.   0.29 0.24 0.07 0.14 0.08 0.1  0.   0.08],0
335,"[[-1. -1. -0.]
 [-0. -0. -0.]
 [-0.  1. -0.]]",[0.   0.   0.57 0.09 0.1  0.08 0.08 0.   0.08],0
336,"[[ 1.  1. -1.]
 [ 0.  0.  0.]
 [ 0. -1.  0.]]",[0.   0.   0.   0.18 0.2  0.13 0.28 0.   0.21],0
337,"[[-1. -1.  1.]
 [-0. -0. -0.]
 [-1.  1. -0.]]",[0.   0.   0.   0.84 0.05 0.05 0.   0.   0.06],0
338,"[[ 1.  1. -1.]
 [-1.  0.  0.]
 [ 1. -1.  0.]]",[0.   0.   0.   0.   0.53 0.18 0.   0.   0.29],0
339,"[[-1. -1.  1.]
 [ 1. -1. -0.]
 [-1.  1. -0.]]",[0.   0.   0.   0.   0.   0.06 0.   0.   0.94],0
340,"[[ 1.  1. -1.]
 [-1.  1.  0.]
 [ 1. -1. -1.]]",[0. 0. 0. 0. 0. 1. 0. 0. 0.],0
341,"[[0. 0. 0.]
 [0. 0. 0.]
 [0. 0. 0.]]",[0.17 0.12 0.12 0.1  0.1  0.1  0.11 0.08 0.1 ],1
342,"[[-1. -0. -0.]
 [-0. -0. -0.]
 [-0. -0. -0.]]",[0.   0.13 0.14 0.09 0.13 0.1  0.15 0.13 0.13],-1
343,"[[ 1.  0.  0.]
 [ 0.  0.  0.]
 [-1.  0.  0.]]",[0.   0.27 0.18 0.08 0.1  0.08 0.   0.09 0.2 ],1
344,"[[-1. -1. -0.]
 [-0. -0. -0.]
 [ 1. -0. -0.]]",[0.   0.   0.44 0.1  0.12 0.11 0.   0.1  0.13],-1
345,"[[ 1.  1. -1.]
 [ 0.  0.  0.]
 [-1.  0.  0.]]",[0.   0.   0.   0.02 0.89 0.03 0.   0.03 0.03],1
346,"[[-1. -1.  1.]
 [-0. -1. -0.]
 [ 1. -0. -0.]]",[0.   0.   0.   0.21 0.   0.26 0.   0.27 0.26],-1
347,"[[ 1.  1. -1.]
 [ 0.  1.  0.]
 [-1. -1.  0.]]",[0.   0.   0.   0.03 0.   0.03 0.   0.   0.94],1
348,"[[0. 0. 0.]
 [0. 0. 0.]
 [0. 0. 0.]]",[0.12 0.16 0.11 0.09 0.11 0.08 0.13 0.1  0.1 ],-1
349,"[[-0. -1. -0.]
 [-0. -0. -0.]
 [-0. -0. -0.]]",[0.16 0.   0.11 0.12 0.12 0.1  0.14 0.14 0.11],1
350,"[[-1.  1.  0.]
 [ 0.  0.  0.]
 [ 0.  0.  0.]]",[0.   0.   0.12 0.1  0.11 0.11 0.18 0.26 0.12],-1
351,"[[ 1. -1. -0.]
 [-0. -0. -0.]
 [-0. -1. -0.]]",[0.   0.   0.03 0.03 0.82 0.04 0.04 0.   0.04],1
352,"[[-1.  1.  0.]
 [ 0. -1.  0.]
 [ 0.  1.  0.]]",[0.   0.   0.22 0.15 0.   0.16 0.18 0.   0.29],-1
353,"[[ 1. -1. -0.]
 [-0.  1. -0.]
 [-0. -1. -1.]]",[0.   0.   0.03 0.03 0.   0.02 0.92 0.   0.  ],1
354,"[[-1.  1.  0.]
 [ 0. -1.  0.]
 [-1.  1.  1.]]",[0.   0.   0.43 0.31 0.   0.26 0.   0.   0.  ],-1
355,"[[ 1. -1. -1.]
 [-0.  1. -0.]
 [ 1. -1. -1.]]",[0.   0.   0.   0.95 0.   0.05 0.   0.   0.  ],1
356,"[[0. 0. 0.]
 [0. 0. 0.]
 [0. 0. 0.]]",[0.13 0.11 0.1  0.1  0.12 0.1  0.13 0.11 0.1 ],1
357,"[[-1. -0. -0.]
 [-0. -0. -0.]
 [-0. -0. -0.]]",[0.   0.16 0.12 0.12 0.11 0.11 0.14 0.1  0.14],-1
358,"[[ 1. -1.  0.]
 [ 0.  0.  0.]
 [ 0.  0.  0.]]",[0.   0.   0.11 0.06 0.08 0.09 0.51 0.09 0.06],1
359,"[[-1.  1. -0.]
 [-0. -0. -0.]
 [-1. -0. -0.]]",[0.   0.   0.12 0.45 0.11 0.1  0.   0.1  0.12],-1
360,"[[ 1. -1.  0.]
 [-1.  0.  0.]
 [ 1.  0.  0.]]",[0.   0.   0.09 0.   0.76 0.07 0.   0.02 0.06],1
361,"[[-1.  1. -0.]
 [ 1. -1. -0.]
 [-1. -0. -0.]]",[0.   0.   0.26 0.   0.   0.2  0.   0.28 0.26],-1
362,"[[ 1. -1.  0.]
 [-1.  1.  0.]
 [ 1. -1.  0.]]",[0.   0.   0.54 0.   0.   0.04 0.   0.   0.42],1
363,"[[0. 0. 0.]
 [0. 0. 0.]
 [0. 0. 0.]]",[0.13 0.14 0.14 0.09 0.1  0.11 0.11 0.08 0.1 ],1
364,"[[-0. -1. -0.]
 [-0. -0. -0.]
 [-0. -0. -0.]]",[0.14 0.   0.13 0.11 0.14 0.11 0.12 0.12 0.13],-1
365,"[[-1.  1.  0.]
 [ 0.  0.  0.]
 [ 0.  0.  0.]]",[0.   0.   0.13 0.12 0.11 0.1  0.21 0.2  0.13],1
366,"[[ 1. -1. -0.]
 [-0. -0. -0.]
 [-1. -0. -0.]]",[0.   0.   0.19 0.17 0.13 0.12 0.   0.13 0.26],-1
367,"[[-1.  1.  0.]
 [ 0.  0.  0.]
 [ 1.  0. -1.]]",[0.   0.   0.03 0.02 0.92 0.02 0.   0.01 0.  ],1
368,"[[ 1. -1. -0.]
 [-0. -1. -0.]
 [-1. -0.  1.]]",[0.   0.   0.25 0.32 0.   0.18 0.   0.25 0.  ],-1
369,"[[-1.  1.  0.]
 [-1.  1.  0.]
 [ 1.  0. -1.]]",[0.   0.   0.36 0.   0.   0.01 0.   0.63 0.  ],1
370,"[[0. 0. 0.]
 [0. 0. 0.]
 [0. 0. 0.]]",[0.16 0.14 0.1  0.09 0.11 0.1  0.12 0.09 0.09],1
371,"[[-1. -0. -0.]
 [-0. -0. -0.]
 [-0. -0. -0.]]",[0.   0.16 0.15 0.11 0.11 0.12 0.14 0.1  0.11],-1
372,"[[ 1. -1.  0.]
 [ 0.  0.  0.]
 [ 0.  0.  0.]]",[0.   0.   0.09 0.09 0.08 0.06 0.51 0.09 0.08],1
373,"[[-1.  1. -0.]
 [-0. -0. -0.]
 [-1. -0. -0.]]",[0.   0.   0.12 0.44 0.12 0.1  0.   0.1  0.12],-1
374,"[[ 1. -1.  0.]
 [-1.  0.  0.]
 [ 1.  0.  0.]]",[0.   0.   0.08 0.   0.06 0.03 0.   0.02 0.81],1
375,"[[-1.  1. -0.]
 [ 1. -0. -0.]
 [-1. -0. -1.]]",[0.   0.   0.25 0.   0.27 0.15 0.   0.33 0.  ],-1
376,"[[ 1. -1.  0.]
 [-1.  0.  0.]
 [ 1. -1.  1.]]",[0.   0.   0.02 0.   0.94 0.04 0.   0.   0.  ],1
377,"[[0. 0. 0.]
 [0. 0. 0.]
 [0. 0. 0.]]",[0.12 0.12 0.11 0.11 0.1  0.1  0.13 0.09 0.12],0
378,"[[-0. -0. -0.]
 [-0. -0. -0.]
 [-1. -0. -0.]]",[0.14 0.14 0.13 0.13 0.11 0.11 0.   0.11 0.13],0
379,"[[-1.  0.  0.]
 [ 0.  0.  0.]
 [ 1.  0.  0.]]",[0.   0.16 0.16 0.1  0.27 0.11 0.   0.09 0.11],0
380,"[[ 1. -0. -0.]
 [-0. -1. -0.]
 [-1. -0. -0.]]",[0.   0.09 0.57 0.08 0.   0.08 0.   0.09 0.09],0
381,"[[-1.  0. -1.]
 [ 0.  1.  0.]
 [ 1.  0.  0.]]",[0.   0.76 0.   0.06 0.   0.06 0.   0.06 0.06],0
382,"[[ 1. -1.  1.]
 [-0. -1. -0.]
 [-1. -0. -0.]]",[0.   0.   0.   0.06 0.   0.08 0.   0.8  0.06],0
383,"[[-1.  1. -1.]
 [ 0.  1.  0.]
 [ 1. -1.  0.]]",[0.   0.   0.   0.43 0.   0.25 0.   0.   0.32],0
384,"[[ 1. -1.  1.]
 [-1. -1. -0.]
 [-1.  1. -0.]]",[0.   0.   0.   0.   0.   0.94 0.   0.   0.06],0
385,"[[-1.  1. -1.]
 [ 1.  1. -1.]
 [ 1. -1.  0.]]",[0. 0. 0. 0. 0. 0. 0. 0. 1.],0
386,"[[0. 0. 0.]
 [0. 0. 0.]
 [0. 0. 0.]]",[0.13 0.12 0.12 0.1  0.09 0.1  0.13 0.1  0.11],1
387,"[[-1. -0. -0.]
 [-0. -0. -0.]
 [-0. -0. -0.]]",[0.   0.14 0.13 0.12 0.13 0.12 0.13 0.1  0.13],-1
388,"[[ 1. -1.  0.]
 [ 0.  0.  0.]
 [ 0.  0.  0.]]",[0.   0.   0.08 0.06 0.09 0.07 0.55 0.08 0.07],1
389,"[[-1.  1. -0.]
 [-0. -0. -0.]
 [-1. -0. -0.]]",[0.   0.   0.11 0.43 0.11 0.13 0.   0.11 0.11],-1
390,"[[ 1. -1.  0.]
 [-1.  0.  0.]
 [ 1.  0.  0.]]",[0.   0.   0.09 0.   0.72 0.06 0.   0.06 0.07],1
391,"[[-1.  1. -0.]
 [ 1. -1. -0.]
 [-1. -0. -0.]]",[0.   0.   0.31 0.   0.   0.2  0.   0.25 0.24],-1
392,"[[ 1. -1. -1.]
 [-1.  1.  0.]
 [ 1.  0.  0.]]",[0.   0.   0.   0.   0.   0.03 0.   0.02 0.95],1
393,"[[0. 0. 0.]
 [0. 0. 0.]
 [0. 0. 0.]]",[0.13 0.13 0.12 0.11 0.12 0.08 0.11 0.09 0.11],1
394,"[[-1. -0. -0.]
 [-0. -0. -0.]
 [-0. -0. -0.]]",[0.   0.15 0.13 0.11 0.15 0.1  0.13 0.1  0.13],-1
395,"[[ 1. -1.  0.]
 [ 0.  0.  0.]
 [ 0.  0.  0.]]",[0.   0.   0.08 0.07 0.09 0.06 0.52 0.09 0.09],1
396,"[[-1.  1. -0.]
 [-0. -0. -0.]
 [-1. -0. -0.]]",[0.   0.   0.12 0.45 0.12 0.1  0.   0.09 0.12],-1
397,"[[ 1. -1.  0.]
 [-1.  0.  0.]
 [ 1.  0.  0.]]",[0.   0.   0.06 0.   0.88 0.02 0.   0.01 0.03],1
398,"[[-1.  1. -0.]
 [ 1. -1. -0.]
 [-1. -0. -0.]]",[0.   0.   0.31 0.   0.   0.22 0.   0.22 0.25],-1
399,"[[ 1. -1. -1.]
 [-1.  1.  0.]
 [ 1.  0.  0.]]",[0.   0.   0.   0.   0.   0.03 0.   0.04 0.93],1
400,"[[0. 0. 0.]
 [0. 0. 0.]
 [0. 0. 0.]]",[0.12 0.12 0.12 0.1  0.12 0.1  0.12 0.1  0.1 ],0
401,"[[-1. -0. -0.]
 [-0. -0. -0.]
 [-0. -0. -0.]]",[0.   0.13 0.14 0.11 0.15 0.1  0.15 0.11 0.11],0
402,"[[ 1.  0.  0.]
 [ 0. -1.  0.]
 [ 0.  0.  0.]]",[0.   0.25 0.3  0.09 0.   0.09 0.11 0.08 0.08],0
403,"[[-1. -0. -1.]
 [-0.  1. -0.]
 [-0. -0. -0.]]",[0.   0.79 0.   0.03 0.   0.07 0.07 0.02 0.02],0
404,"[[ 1. -1.  1.]
 [ 0. -1.  0.]
 [ 0.  0.  0.]]",[0.   0.   0.   0.06 0.   0.07 0.07 0.73 0.07],0
405,"[[-1.  1. -1.]
 [-0.  1. -0.]
 [-0. -1. -0.]]",[0.   0.   0.   0.31 0.   0.45 0.17 0.   0.07],0
406,"[[ 1. -1.  1.]
 [ 0. -1. -1.]
 [ 0.  1.  0.]]",[0.   0.   0.   0.89 0.   0.   0.04 0.   0.07],0
407,"[[-1.  1. -1.]
 [-1.  1.  1.]
 [-0. -1. -0.]]",[0.   0.   0.   0.   0.   0.   0.94 0.   0.06],0
408,"[[ 1. -1.  1.]
 [ 1. -1. -1.]
 [-1.  1.  0.]]",[0. 0. 0. 0. 0. 0. 0. 0. 1.],0
409,"[[0. 0. 0.]
 [0. 0. 0.]
 [0. 0. 0.]]",[0.15 0.14 0.13 0.09 0.1  0.1  0.11 0.09 0.09],1
410,"[[-1. -0. -0.]
 [-0. -0. -0.]
 [-0. -0. -0.]]",[0.   0.14 0.13 0.1  0.13 0.12 0.14 0.12 0.12],-1
411,"[[ 1. -1.  0.]
 [ 0.  0.  0.]
 [ 0.  0.  0.]]",[0.   0.   0.1  0.1  0.09 0.08 0.48 0.07 0.08],1
412,"[[-1.  1. -0.]
 [-0. -0. -0.]
 [-1. -0. -0.]]",[0.   0.   0.12 0.46 0.11 0.1  0.   0.1  0.11],-1
413,"[[ 1. -1.  0.]
 [-1.  0.  0.]
 [ 1.  0.  0.]]",[0.   0.   0.08 0.   0.76 0.06 0.   0.03 0.07],1
414,"[[-1.  1. -0.]
 [ 1. -1. -0.]
 [-1. -0. -0.]]",[0.   0.   0.34 0.   0.   0.19 0.   0.16 0.31],-1
415,"[[ 1. -1. -1.]
 [-1.  1.  0.]
 [ 1.  0.  0.]]",[0.   0.   0.   0.   0.   0.04 0.   0.01 0.95],1
416,"[[0. 0. 0.]
 [0. 0. 0.]
 [0. 0. 0.]]",[0.13 0.12 0.1  0.11 0.1  0.1  0.13 0.1  0.11],1
417,"[[-1. -0. -0.]
 [-0. -0. -0.]
 [-0. -0. -0.]]",[0.   0.15 0.13 0.11 0.11 0.12 0.14 0.12 0.12],-1
418,"[[ 1. -1.  0.]
 [ 0.  0.  0.]
 [ 0.  0.  0.]]",[0.   0.   0.08 0.08 0.08 0.09 0.51 0.08 0.08],1
419,"[[-1.  1. -0.]
 [-0. -0. -0.]
 [-1. -0. -0.]]",[0.   0.   0.12 0.45 0.11 0.1  0.   0.1  0.12],-1
420,"[[ 1. -1.  0.]
 [-1.  0.  0.]
 [ 1.  0.  0.]]",[0.   0.   0.08 0.   0.78 0.05 0.   0.03 0.06],1
421,"[[-1.  1. -0.]
 [ 1. -1. -0.]
 [-1. -0. -0.]]",[0.   0.   0.3  0.   0.   0.19 0.   0.17 0.34],-1
422,"[[ 1. -1.  0.]
 [-1.  1.  0.]
 [ 1.  0. -1.]]",[0.   0.   0.96 0.   0.   0.02 0.   0.02 0.  ],1
423,"[[0. 0. 0.]
 [0. 0. 0.]
 [0. 0. 0.]]",[0.12 0.13 0.12 0.1  0.11 0.1  0.1  0.11 0.11],1
424,"[[-0. -1. -0.]
 [-0. -0. -0.]
 [-0. -0. -0.]]",[0.13 0.   0.13 0.15 0.11 0.12 0.14 0.1  0.12],-1
425,"[[ 0.  1.  0.]
 [-1.  0.  0.]
 [ 0.  0.  0.]]",[0.33 0.   0.22 0.   0.09 0.08 0.13 0.07 0.08],1
426,"[[-1. -1. -0.]
 [ 1. -0. -0.]
 [-0. -0. -0.]]",[0.   0.   0.5  0.   0.12 0.1  0.1  0.09 0.09],-1
427,"[[ 1.  1. -1.]
 [-1.  0.  0.]
 [ 0.  0.  0.]]",[0.   0.   0.   0.   0.75 0.06 0.07 0.06 0.06],1
428,"[[-1. -1.  1.]
 [ 1. -1. -0.]
 [-0. -0. -0.]]",[0.   0.   0.   0.   0.   0.29 0.22 0.25 0.24],-1
429,"[[ 1.  1. -1.]
 [-1.  1. -1.]
 [ 0.  0.  0.]]",[0.   0.   0.   0.   0.   0.   0.02 0.25 0.73],1
430,"[[0. 0. 0.]
 [0. 0. 0.]
 [0. 0. 0.]]",[0.14 0.13 0.12 0.1  0.1  0.1  0.12 0.09 0.1 ],1
431,"[[-1. -0. -0.]
 [-0. -0. -0.]
 [-0. -0. -0.]]",[0.   0.14 0.14 0.12 0.13 0.11 0.13 0.1  0.13],-1
432,"[[ 1. -1.  0.]
 [ 0.  0.  0.]
 [ 0.  0.  0.]]",[0.   0.   0.11 0.08 0.09 0.09 0.51 0.06 0.06],1
433,"[[-1.  1. -0.]
 [-0. -0. -0.]
 [-1. -0. -0.]]",[0.   0.   0.13 0.45 0.11 0.11 0.   0.09 0.11],-1
434,"[[ 1. -1.  0.]
 [-1.  0.  0.]
 [ 1.  0.  0.]]",[0.   0.   0.06 0.   0.06 0.02 0.   0.01 0.85],1
435,"[[-1.  1. -0.]
 [ 1. -0. -0.]
 [-1. -0. -1.]]",[0.   0.   0.21 0.   0.29 0.3  0.   0.2  0.  ],-1
436,"[[ 1. -1.  0.]
 [-1.  0. -1.]
 [ 1.  0.  1.]]",[0.   0.   0.02 0.   0.31 0.   0.   0.67 0.  ],1
437,"[[0. 0. 0.]
 [0. 0. 0.]
 [0. 0. 0.]]",[0.13 0.11 0.12 0.11 0.12 0.1  0.13 0.08 0.1 ],1
438,"[[-1. -0. -0.]
 [-0. -0. -0.]
 [-0. -0. -0.]]",[0.   0.13 0.16 0.12 0.14 0.11 0.13 0.1  0.11],-1
439,"[[ 1.  0. -1.]
 [ 0.  0.  0.]
 [ 0.  0.  0.]]",[0.   0.11 0.   0.09 0.09 0.11 0.37 0.1  0.13],1
440,"[[-1. -0.  1.]
 [-0. -0. -0.]
 [-1. -0. -0.]]",[0.   0.11 0.   0.53 0.09 0.09 0.   0.09 0.09],-1
441,"[[ 1.  0. -1.]
 [-1.  0.  0.]
 [ 1.  0.  0.]]",[0.   0.06 0.   0.   0.09 0.06 0.   0.06 0.73],1
442,"[[-1. -0.  1.]
 [ 1. -0. -0.]
 [-1. -0. -1.]]",[0.   0.21 0.   0.   0.26 0.21 0.   0.32 0.  ],-1
443,"[[ 1.  0. -1.]
 [-1.  0.  0.]
 [ 1. -1.  1.]]",[0.   0.03 0.   0.   0.94 0.03 0.   0.   0.  ],1
444,"[[0. 0. 0.]
 [0. 0. 0.]
 [0. 0. 0.]]",[0.13 0.12 0.1  0.14 0.12 0.1  0.11 0.08 0.1 ],1
445,"[[-0. -0. -0.]
 [-1. -0. -0.]
 [-0. -0. -0.]]",[0.15 0.15 0.11 0.   0.12 0.1  0.11 0.1  0.16],-1
446,"[[ 0.  0.  0.]
 [ 1.  0.  0.]
 [ 0.  0. -1.]]",[0.14 0.13 0.11 0.   0.12 0.1  0.3  0.1  0.  ],1
447,"[[-0. -0. -0.]
 [-1. -0. -0.]
 [-1. -0.  1.]]",[0.46 0.12 0.11 0.   0.11 0.1  0.   0.1  0.  ],-1
448,"[[-1.  0.  0.]
 [ 1.  0.  0.]
 [ 1.  0. -1.]]",[0.   0.03 0.03 0.   0.86 0.04 0.   0.04 0.  ],1
449,"[[ 1. -0. -0.]
 [-1. -1. -0.]
 [-1. -0.  1.]]",[0.   0.27 0.29 0.   0.   0.24 0.   0.2  0.  ],-1
450,"[[-1.  0. -1.]
 [ 1.  1.  0.]
 [ 1.  0. -1.]]",[0.   0.03 0.   0.   0.   0.96 0.   0.01 0.  ],1
451,"[[0. 0. 0.]
 [0. 0. 0.]
 [0. 0. 0.]]",[0.13 0.12 0.12 0.1  0.09 0.11 0.11 0.11 0.11],1
452,"[[-1. -0. -0.]
 [-0. -0. -0.]
 [-0. -0. -0.]]",[0.   0.13 0.17 0.11 0.13 0.1  0.13 0.1  0.13],-1
453,"[[ 1.  0. -1.]
 [ 0.  0.  0.]
 [ 0.  0.  0.]]",[0.   0.11 0.   0.09 0.09 0.08 0.39 0.11 0.13],1
454,"[[-1. -0.  1.]
 [-0. -0. -0.]
 [-1. -0. -0.]]",[0.   0.12 0.   0.52 0.09 0.09 0.   0.09 0.09],-1
455,"[[ 1.  0. -1.]
 [-1.  0.  0.]
 [ 1.  0.  0.]]",[0.   0.08 0.   0.   0.11 0.08 0.   0.16 0.57],1
456,"[[-1. -0.  1.]
 [ 1. -0. -0.]
 [-1. -0. -1.]]",[0.   0.23 0.   0.   0.3  0.23 0.   0.24 0.  ],-1
457,"[[ 1.  0. -1.]
 [-1. -1.  0.]
 [ 1.  0.  1.]]",[0.   0.02 0.   0.   0.   0.03 0.   0.95 0.  ],1
458,"[[0. 0. 0.]
 [0. 0. 0.]
 [0. 0. 0.]]",[0.12 0.12 0.11 0.09 0.12 0.12 0.1  0.1  0.12],1
459,"[[-1. -0. -0.]
 [-0. -0. -0.]
 [-0. -0. -0.]]",[0.   0.14 0.13 0.12 0.13 0.13 0.14 0.1  0.11],-1
460,"[[ 1. -1.  0.]
 [ 0.  0.  0.]
 [ 0.  0.  0.]]",[0.   0.   0.08 0.1  0.08 0.08 0.52 0.06 0.08],1
461,"[[-1.  1. -0.]
 [-0. -0. -0.]
 [-1. -0. -0.]]",[0.   0.   0.11 0.45 0.12 0.1  0.   0.1  0.12],-1
462,"[[ 1. -1.  0.]
 [-1.  0.  0.]
 [ 1.  0.  0.]]",[0.   0.   0.07 0.   0.07 0.06 0.   0.06 0.74],1
463,"[[-1.  1. -0.]
 [ 1. -0. -0.]
 [-1. -0. -1.]]",[0.   0.   0.21 0.   0.3  0.26 0.   0.23 0.  ],-1
464,"[[ 1. -1.  0.]
 [-1. -1.  0.]
 [ 1.  0.  1.]]",[0.   0.   0.02 0.   0.   0.01 0.   0.97 0.  ],1
465,"[[0. 0. 0.]
 [0. 0. 0.]
 [0. 0. 0.]]",[0.13 0.11 0.11 0.1  0.11 0.12 0.12 0.1  0.1 ],1
466,"[[-1. -0. -0.]
 [-0. -0. -0.]
 [-0. -0. -0.]]",[0.   0.13 0.13 0.11 0.13 0.11 0.15 0.13 0.11],-1
467,"[[ 1.  0.  0.]
 [ 0.  0.  0.]
 [-1.  0.  0.]]",[0.   0.24 0.32 0.08 0.1  0.09 0.   0.08 0.09],1
468,"[[-1. -0. -1.]
 [-0. -0. -0.]
 [ 1. -0. -0.]]",[0.   0.49 0.   0.09 0.1  0.11 0.   0.1  0.11],-1
469,"[[ 1. -1.  1.]
 [ 0.  0.  0.]
 [-1.  0.  0.]]",[0.   0.   0.   0.08 0.07 0.06 0.   0.06 0.73],1
470,"[[-1.  1. -1.]
 [-0. -0. -0.]
 [ 1. -0. -1.]]",[0.   0.   0.   0.18 0.27 0.34 0.   0.21 0.  ],-1
471,"[[ 1. -1.  1.]
 [ 0.  0. -1.]
 [-1.  0.  1.]]",[0.   0.   0.   0.04 0.94 0.   0.   0.02 0.  ],1
472,"[[0. 0. 0.]
 [0. 0. 0.]
 [0. 0. 0.]]",[0.12 0.14 0.11 0.11 0.1  0.12 0.11 0.09 0.1 ],1
473,"[[-0. -1. -0.]
 [-0. -0. -0.]
 [-0. -0. -0.]]",[0.19 0.   0.13 0.11 0.11 0.11 0.13 0.11 0.11],-1
474,"[[-1.  1.  0.]
 [ 0.  0.  0.]
 [ 0.  0.  0.]]",[0.   0.   0.15 0.11 0.13 0.11 0.18 0.18 0.14],1
475,"[[ 1. -1. -0.]
 [-0. -0. -0.]
 [-1. -0. -0.]]",[0.   0.   0.16 0.11 0.23 0.14 0.   0.11 0.25],-1
476,"[[-1.  1.  0.]
 [ 0.  0.  0.]
 [ 1.  0. -1.]]",[0.   0.   0.03 0.03 0.86 0.04 0.   0.04 0.  ],1
477,"[[ 1. -1. -0.]
 [-0. -1. -0.]
 [-1. -0.  1.]]",[0.   0.   0.27 0.22 0.   0.24 0.   0.27 0.  ],-1
478,"[[-1.  1. -1.]
 [ 0.  1.  0.]
 [ 1.  0. -1.]]",[0.   0.   0.   0.02 0.   0.01 0.   0.97 0.  ],1
479,"[[0. 0. 0.]
 [0. 0. 0.]
 [0. 0. 0.]]",[0.13 0.11 0.14 0.11 0.1  0.08 0.13 0.1  0.1 ],1
480,"[[-0. -0. -1.]
 [-0. -0. -0.]
 [-0. -0. -0.]]",[0.16 0.14 0.   0.11 0.12 0.11 0.16 0.09 0.11],-1
481,"[[-1.  0.  1.]
 [ 0.  0.  0.]
 [ 0.  0.  0.]]",[0.   0.11 0.   0.11 0.09 0.09 0.37 0.13 0.1 ],1
482,"[[ 1. -0. -1.]
 [-0. -0. -0.]
 [-1. -0. -0.]]",[0.   0.11 0.   0.1  0.48 0.11 0.   0.1  0.1 ],-1
483,"[[-1.  0.  1.]
 [ 0. -1.  0.]
 [ 1.  0.  0.]]",[0.   0.05 0.   0.05 0.   0.05 0.   0.05 0.8 ],1
484,"[[ 1. -0. -1.]
 [-0.  1. -0.]
 [-1. -0. -1.]]",[0.   0.28 0.   0.23 0.   0.24 0.   0.25 0.  ],-1
485,"[[-1. -1.  1.]
 [ 0. -1.  0.]
 [ 1.  0.  1.]]",[0.   0.   0.   0.03 0.   0.57 0.   0.4  0.  ],1
486,"[[0. 0. 0.]
 [0. 0. 0.]
 [0. 0. 0.]]",[0.14 0.12 0.11 0.1  0.11 0.09 0.14 0.09 0.1 ],1
487,"[[-1. -0. -0.]
 [-0. -0. -0.]
 [-0. -0. -0.]]",[0.   0.14 0.13 0.11 0.12 0.11 0.15 0.1  0.14],-1
488,"[[ 1.  0.  0.]
 [ 0.  0.  0.]
 [-1.  0.  0.]]",[0.   0.25 0.34 0.08 0.08 0.08 0.   0.08 0.09],1
489,"[[-1. -0. -1.]
 [-0. -0. -0.]
 [ 1. -0. -0.]]",[0.   0.51 0.   0.1  0.09 0.09 0.   0.1  0.11],-1
490,"[[ 1. -1.  1.]
 [ 0.  0.  0.]
 [-1.  0.  0.]]",[0.   0.   0.   0.06 0.1  0.14 0.   0.06 0.64],1
491,"[[-1.  1. -1.]
 [-0. -0. -0.]
 [ 1. -0. -1.]]",[0.   0.   0.   0.28 0.27 0.27 0.   0.18 0.  ],-1
492,"[[ 1. -1.  1.]
 [-1.  0.  0.]
 [-1.  0.  1.]]",[0.   0.   0.   0.   0.54 0.44 0.   0.02 0.  ],1
493,"[[0. 0. 0.]
 [0. 0. 0.]
 [0. 0. 0.]]",[0.13 0.12 0.13 0.09 0.09 0.11 0.11 0.11 0.11],1
494,"[[-1. -0. -0.]
 [-0. -0. -0.]
 [-0. -0. -0.]]",[0.   0.13 0.13 0.1  0.13 0.13 0.13 0.11 0.14],-1
495,"[[ 1.  0.  0.]
 [ 0.  0.  0.]
 [ 0.  0. -1.]]",[0.   0.25 0.31 0.08 0.11 0.08 0.09 0.08 0.  ],1
496,"[[-1. -0. -1.]
 [-0. -0. -0.]
 [-0. -0.  1.]]",[0.   0.3  0.   0.14 0.13 0.14 0.15 0.14 0.  ],-1
497,"[[ 1. -1.  1.]
 [ 0.  0.  0.]
 [ 0.  0. -1.]]",[0.   0.   0.   0.02 0.01 0.02 0.92 0.03 0.  ],1
498,"[[-1.  1. -1.]
 [-0. -0. -0.]
 [-1. -0.  1.]]",[0.   0.   0.   0.27 0.28 0.23 0.   0.22 0.  ],-1
499,"[[ 1. -1.  1.]
 [ 0. -1.  0.]
 [ 1.  0. -1.]]",[0.   0.   0.   0.95 0.   0.02 0.   0.03 0.  ],1
500,"[[0. 0. 0.]
 [0. 0. 0.]
 [0. 0. 0.]]",[0.15 0.12 0.1  0.11 0.11 0.1  0.13 0.08 0.1 ],1
501,"[[-1. -0. -0.]
 [-0. -0. -0.]
 [-0. -0. -0.]]",[0.   0.14 0.15 0.09 0.12 0.14 0.13 0.1  0.13],-1
502,"[[ 1.  0. -1.]
 [ 0.  0.  0.]
 [ 0.  0.  0.]]",[0.   0.09 0.   0.12 0.09 0.09 0.42 0.11 0.08],1
503,"[[-1. -0.  1.]
 [-0. -0. -0.]
 [-1. -0. -0.]]",[0.   0.11 0.   0.52 0.09 0.1  0.   0.09 0.09],-1
504,"[[ 1.  0. -1.]
 [-1.  0.  0.]
 [ 1.  0.  0.]]",[0.   0.09 0.   0.   0.09 0.07 0.   0.07 0.68],1
505,"[[-1. -0.  1.]
 [ 1. -0. -0.]
 [-1. -0. -1.]]",[0.   0.24 0.   0.   0.32 0.19 0.   0.25 0.  ],-1
506,"[[ 1.  0. -1.]
 [-1. -1.  0.]
 [ 1.  0.  1.]]",[0.   0.02 0.   0.   0.   0.03 0.   0.95 0.  ],1
507,"[[0. 0. 0.]
 [0. 0. 0.]
 [0. 0. 0.]]",[0.12 0.12 0.15 0.08 0.12 0.08 0.13 0.1  0.1 ],1
508,"[[-0. -0. -1.]
 [-0. -0. -0.]
 [-0. -0. -0.]]",[0.13 0.13 0.   0.16 0.11 0.1  0.13 0.1  0.14],-1
509,"[[ 0.  0.  1.]
 [-1.  0.  0.]
 [ 0.  0.  0.]]",[0.42 0.1  0.   0.   0.09 0.07 0.12 0.11 0.09],1
510,"[[-1. -0. -1.]
 [ 1. -0. -0.]
 [-0. -0. -0.]]",[0.   0.45 0.   0.   0.14 0.1  0.11 0.09 0.11],-1
511,"[[ 1. -1.  1.]
 [-1.  0.  0.]
 [ 0.  0.  0.]]",[0.   0.   0.   0.   0.07 0.03 0.06 0.05 0.79],1
512,"[[-1.  1. -1.]
 [ 1. -0. -0.]
 [-0. -0. -1.]]",[0.   0.   0.   0.   0.32 0.29 0.21 0.18 0.  ],-1
513,"[[ 1. -1.  1.]
 [-1. -1.  0.]
 [ 0.  0.  1.]]",[0.   0.   0.   0.   0.   0.96 0.02 0.02 0.  ],1
514,"[[0. 0. 0.]
 [0. 0. 0.]
 [0. 0. 0.]]",[0.12 0.14 0.11 0.11 0.1  0.08 0.14 0.1  0.1 ],-1
515,"[[-0. -1. -0.]
 [-0. -0. -0.]
 [-0. -0. -0.]]",[0.14 0.   0.15 0.11 0.11 0.14 0.13 0.09 0.13],1
516,"[[ 0.  1. -1.]
 [ 0.  0.  0.]
 [ 0.  0.  0.]]",[0.17 0.   0.   0.12 0.13 0.13 0.17 0.17 0.11],-1
517,"[[-1. -1.  1.]
 [-0. -0. -0.]
 [-0. -0. -0.]]",[0.   0.   0.   0.08 0.1  0.09 0.24 0.08 0.41],1
518,"[[ 1.  1. -1.]
 [ 0.  0.  0.]
 [ 0.  0. -1.]]",[0.   0.   0.   0.14 0.15 0.42 0.16 0.13 0.  ],-1
519,"[[-1. -1.  1.]
 [-0. -0. -1.]
 [-0. -0.  1.]]",[0.   0.   0.   0.01 0.03 0.   0.93 0.03 0.  ],1
520,"[[ 1.  1. -1.]
 [ 0.  0.  1.]
 [-1.  0. -1.]]",[0.   0.   0.   0.33 0.32 0.   0.   0.35 0.  ],-1
521,"[[-1. -1.  1.]
 [-0. -0. -1.]
 [ 1. -1.  1.]]",[0.   0.   0.   0.02 0.98 0.   0.   0.   0.  ],1
522,"[[0. 0. 0.]
 [0. 0. 0.]
 [0. 0. 0.]]",[0.14 0.12 0.11 0.1  0.1  0.09 0.14 0.1  0.1 ],1
523,"[[-1. -0. -0.]
 [-0. -0. -0.]
 [-0. -0. -0.]]",[0.   0.13 0.15 0.1  0.14 0.1  0.15 0.12 0.11],-1
524,"[[ 1.  0. -1.]
 [ 0.  0.  0.]
 [ 0.  0.  0.]]",[0.   0.13 0.   0.16 0.09 0.08 0.37 0.09 0.08],1
525,"[[-1. -0.  1.]
 [-0. -0. -0.]
 [-1. -0. -0.]]",[0.   0.09 0.   0.53 0.1  0.09 0.   0.09 0.1 ],-1
526,"[[ 1.  0. -1.]
 [-1.  0.  0.]
 [ 1.  0.  0.]]",[0.   0.09 0.   0.   0.09 0.08 0.   0.14 0.6 ],1
527,"[[-1. -0.  1.]
 [ 1. -0. -0.]
 [-1. -0. -1.]]",[0.   0.21 0.   0.   0.3  0.23 0.   0.26 0.  ],-1
528,"[[ 1.  0. -1.]
 [-1. -1.  0.]
 [ 1.  0.  1.]]",[0.   0.02 0.   0.   0.   0.03 0.   0.95 0.  ],1
529,"[[0. 0. 0.]
 [0. 0. 0.]
 [0. 0. 0.]]",[0.13 0.13 0.11 0.09 0.1  0.09 0.1  0.11 0.14],-1
530,"[[-0. -0. -0.]
 [-0. -0. -0.]
 [-0. -0. -1.]]",[0.15 0.12 0.15 0.11 0.13 0.12 0.12 0.1  0.  ],1
531,"[[-1.  0.  0.]
 [ 0.  0.  0.]
 [ 0.  0.  1.]]",[0.   0.12 0.17 0.13 0.11 0.27 0.11 0.09 0.  ],-1
532,"[[ 1. -0. -0.]
 [-0. -0. -1.]
 [-0. -0. -1.]]",[0.   0.05 0.83 0.03 0.03 0.   0.03 0.03 0.  ],1
533,"[[-1.  0. -1.]
 [ 0.  0.  1.]
 [ 0.  0.  1.]]",[0.   0.31 0.   0.16 0.2  0.   0.19 0.14 0.  ],-1
534,"[[ 1. -1.  1.]
 [-0. -0. -1.]
 [-0. -0. -1.]]",[0.   0.   0.   0.03 0.02 0.   0.93 0.02 0.  ],1
535,"[[-1.  1. -1.]
 [ 0.  0.  1.]
 [-1.  0.  1.]]",[0.   0.   0.   0.31 0.33 0.   0.   0.36 0.  ],-1
536,"[[ 1. -1.  1.]
 [-0. -0. -1.]
 [ 1. -1. -1.]]",[0.   0.   0.   0.53 0.47 0.   0.   0.   0.  ],1
537,"[[0. 0. 0.]
 [0. 0. 0.]
 [0. 0. 0.]]",[0.12 0.12 0.1  0.1  0.1  0.12 0.13 0.1  0.11],1
538,"[[-0. -0. -0.]
 [-0. -0. -0.]
 [-1. -0. -0.]]",[0.15 0.14 0.12 0.1  0.13 0.11 0.   0.15 0.1 ],-1
539,"[[-1.  0.  0.]
 [ 0.  0.  0.]
 [ 1.  0.  0.]]",[0.   0.12 0.32 0.1  0.19 0.09 0.   0.09 0.09],1
540,"[[ 1. -0. -1.]
 [-0. -0. -0.]
 [-1. -0. -0.]]",[0.   0.11 0.   0.11 0.49 0.1  0.   0.1  0.09],-1
541,"[[-1.  0.  1.]
 [ 0. -1.  0.]
 [ 1.  0.  0.]]",[0.   0.05 0.   0.05 0.   0.05 0.   0.02 0.83],1
542,"[[ 1. -0. -1.]
 [-0.  1. -0.]
 [-1. -0. -1.]]",[0.   0.26 0.   0.19 0.   0.28 0.   0.27 0.  ],-1
543,"[[-1.  0.  1.]
 [ 0. -1. -1.]
 [ 1.  0.  1.]]",[0.   0.02 0.   0.03 0.   0.   0.   0.95 0.  ],1
544,"[[0. 0. 0.]
 [0. 0. 0.]
 [0. 0. 0.]]",[0.14 0.12 0.11 0.11 0.11 0.09 0.14 0.08 0.1 ],1
545,"[[-1. -0. -0.]
 [-0. -0. -0.]
 [-0. -0. -0.]]",[0.   0.13 0.14 0.1  0.12 0.12 0.13 0.13 0.13],-1
546,"[[ 1.  0. -1.]
 [ 0.  0.  0.]
 [ 0.  0.  0.]]",[0.   0.11 0.   0.09 0.1  0.08 0.37 0.09 0.16],1
547,"[[-1. -0.  1.]
 [-0. -0. -0.]
 [-1. -0. -0.]]",[0.   0.09 0.   0.54 0.1  0.08 0.   0.09 0.1 ],-1
548,"[[ 1.  0. -1.]
 [-1.  0.  0.]
 [ 1.  0.  0.]]",[0.   0.09 0.   0.   0.09 0.09 0.   0.15 0.58],1
549,"[[-1. -0.  1.]
 [ 1. -0. -0.]
 [-1. -0. -1.]]",[0.   0.28 0.   0.   0.25 0.23 0.   0.24 0.  ],-1
550,"[[ 1. -1. -1.]
 [-1.  0.  0.]
 [ 1.  0.  1.]]",[0.   0.   0.   0.   0.62 0.02 0.   0.36 0.  ],1
551,"[[0. 0. 0.]
 [0. 0. 0.]
 [0. 0. 0.]]",[0.12 0.12 0.12 0.1  0.11 0.08 0.11 0.12 0.12],1
552,"[[-1. -0. -0.]
 [-0. -0. -0.]
 [-0. -0. -0.]]",[0.   0.13 0.13 0.11 0.13 0.11 0.14 0.14 0.11],-1
553,"[[ 1.  0.  0.]
 [ 0.  0.  0.]
 [-1.  0.  0.]]",[0.   0.26 0.28 0.08 0.13 0.08 0.   0.08 0.09],1
554,"[[-1. -0. -1.]
 [-0. -0. -0.]
 [ 1. -0. -0.]]",[0.   0.49 0.   0.09 0.12 0.1  0.   0.1  0.1 ],-1
555,"[[ 1. -1.  1.]
 [ 0.  0.  0.]
 [-1.  0.  0.]]",[0.   0.   0.   0.01 0.05 0.01 0.   0.03 0.9 ],1
556,"[[-1.  1. -1.]
 [-0. -0. -0.]
 [ 1. -0. -1.]]",[0.   0.   0.   0.2  0.25 0.28 0.   0.27 0.  ],-1
557,"[[ 1. -1.  1.]
 [ 0.  0. -1.]
 [-1.  0.  1.]]",[0.   0.   0.   0.02 0.95 0.   0.   0.03 0.  ],1
558,"[[0. 0. 0.]
 [0. 0. 0.]
 [0. 0. 0.]]",[0.14 0.13 0.11 0.1  0.1  0.1  0.12 0.08 0.12],1
559,"[[-1. -0. -0.]
 [-0. -0. -0.]
 [-0. -0. -0.]]",[0.   0.13 0.12 0.1  0.13 0.1  0.14 0.11 0.17],-1
560,"[[ 1.  0.  0.]
 [ 0.  0.  0.]
 [ 0.  0. -1.]]",[0.   0.25 0.31 0.07 0.11 0.11 0.08 0.07 0.  ],1
561,"[[-1. -0. -1.]
 [-0. -0. -0.]
 [-0. -0.  1.]]",[0.   0.3  0.   0.13 0.15 0.15 0.14 0.13 0.  ],-1
562,"[[ 1. -1.  1.]
 [ 0.  0.  0.]
 [ 0.  0. -1.]]",[0.   0.   0.   0.04 0.04 0.05 0.82 0.05 0.  ],1
563,"[[-1.  1. -1.]
 [-0. -0. -0.]
 [-1. -0.  1.]]",[0.   0.   0.   0.32 0.3  0.19 0.   0.19 0.  ],-1
564,"[[ 1. -1.  1.]
 [-1.  0.  0.]
 [ 1.  0. -1.]]",[0.   0.   0.   0.   0.94 0.02 0.   0.04 0.  ],1
565,"[[0. 0. 0.]
 [0. 0. 0.]
 [0. 0. 0.]]",[0.13 0.11 0.13 0.12 0.12 0.09 0.11 0.08 0.11],1
566,"[[-1. -0. -0.]
 [-0. -0. -0.]
 [-0. -0. -0.]]",[0.   0.14 0.13 0.11 0.12 0.11 0.13 0.13 0.13],-1
567,"[[ 1. -1.  0.]
 [ 0.  0.  0.]
 [ 0.  0.  0.]]",[0.   0.   0.08 0.07 0.08 0.07 0.56 0.06 0.08],1
568,"[[-1.  1. -0.]
 [-0. -0. -0.]
 [-1. -0. -0.]]",[0.   0.   0.12 0.46 0.11 0.09 0.   0.11 0.11],-1
569,"[[ 1. -1.  0.]
 [-1.  0.  0.]
 [ 1.  0.  0.]]",[0.   0.   0.07 0.   0.83 0.03 0.   0.01 0.06],1
570,"[[-1.  1. -0.]
 [ 1. -1. -0.]
 [-1. -0. -0.]]",[0.   0.   0.3  0.   0.   0.15 0.   0.25 0.3 ],-1
571,"[[ 1. -1. -1.]
 [-1.  1.  0.]
 [ 1.  0.  0.]]",[0.   0.   0.   0.   0.   0.02 0.   0.02 0.96],1
572,"[[0. 0. 0.]
 [0. 0. 0.]
 [0. 0. 0.]]",[0.12 0.12 0.11 0.11 0.13 0.08 0.12 0.09 0.12],1
573,"[[-0. -0. -0.]
 [-0. -1. -0.]
 [-0. -0. -0.]]",[0.13 0.15 0.12 0.1  0.   0.1  0.14 0.11 0.15],-1
574,"[[ 0. -1.  0.]
 [ 0.  1.  0.]
 [ 0.  0.  0.]]",[0.11 0.   0.18 0.14 0.   0.06 0.33 0.09 0.09],1
575,"[[-0.  1. -0.]
 [-0. -1. -0.]
 [-1. -0. -0.]]",[0.13 0.   0.36 0.13 0.   0.11 0.   0.13 0.14],-1
576,"[[ 0. -1. -1.]
 [ 0.  1.  0.]
 [ 1.  0.  0.]]",[0.92 0.   0.   0.02 0.   0.01 0.   0.03 0.02],1
577,"[[-1.  1.  1.]
 [-0. -1. -0.]
 [-1. -0. -0.]]",[0.   0.   0.   0.27 0.   0.2  0.   0.23 0.3 ],-1
578,"[[ 1. -1. -1.]
 [ 0.  1.  0.]
 [ 1.  0. -1.]]",[0.   0.   0.   0.94 0.   0.03 0.   0.03 0.  ],1
579,"[[0. 0. 0.]
 [0. 0. 0.]
 [0. 0. 0.]]",[0.13 0.12 0.12 0.09 0.13 0.1  0.11 0.09 0.11],1
580,"[[-1. -0. -0.]
 [-0. -0. -0.]
 [-0. -0. -0.]]",[0.   0.16 0.15 0.11 0.11 0.11 0.14 0.1  0.12],-1
581,"[[ 1. -1.  0.]
 [ 0.  0.  0.]
 [ 0.  0.  0.]]",[0.   0.   0.08 0.08 0.1  0.08 0.5  0.07 0.09],1
582,"[[-1.  1. -0.]
 [-0. -0. -0.]
 [-1. -0. -0.]]",[0.   0.   0.12 0.45 0.11 0.11 0.   0.1  0.11],-1
583,"[[ 1. -1.  0.]
 [-1.  0.  0.]
 [ 1.  0.  0.]]",[0.   0.   0.08 0.   0.74 0.07 0.   0.04 0.07],1
584,"[[-1.  1. -0.]
 [ 1. -1. -0.]
 [-1. -0. -0.]]",[0.   0.   0.31 0.   0.   0.18 0.   0.27 0.24],-1
585,"[[ 1. -1. -1.]
 [-1.  1.  0.]
 [ 1.  0.  0.]]",[0.   0.   0.   0.   0.   0.02 0.   0.03 0.95],1
586,"[[0. 0. 0.]
 [0. 0. 0.]
 [0. 0. 0.]]",[0.13 0.12 0.11 0.1  0.1  0.1  0.12 0.11 0.11],1
587,"[[-1. -0. -0.]
 [-0. -0. -0.]
 [-0. -0. -0.]]",[0.   0.17 0.15 0.11 0.12 0.11 0.13 0.1  0.11],-1
588,"[[ 1. -1.  0.]
 [ 0.  0.  0.]
 [ 0.  0.  0.]]",[0.   0.   0.1  0.09 0.09 0.09 0.49 0.06 0.08],1
589,"[[-1.  1. -0.]
 [-0. -0. -0.]
 [-1. -0. -0.]]",[0.   0.   0.11 0.45 0.11 0.12 0.   0.1  0.11],-1
590,"[[ 1. -1.  0.]
 [-1.  0.  0.]
 [ 1.  0.  0.]]",[0.   0.   0.07 0.   0.85 0.02 0.   0.02 0.04],1
591,"[[-1.  1. -0.]
 [ 1. -1. -0.]
 [-1. -0. -0.]]",[0.   0.   0.27 0.   0.   0.25 0.   0.21 0.27],-1
592,"[[ 1. -1. -1.]
 [-1.  1.  0.]
 [ 1.  0.  0.]]",[0.   0.   0.   0.   0.   0.03 0.   0.01 0.96],1
593,"[[0. 0. 0.]
 [0. 0. 0.]
 [0. 0. 0.]]",[0.14 0.13 0.12 0.1  0.1  0.08 0.13 0.1  0.1 ],1
594,"[[-1. -0. -0.]
 [-0. -0. -0.]
 [-0. -0. -0.]]",[0.   0.14 0.14 0.11 0.12 0.1  0.14 0.13 0.12],-1
595,"[[ 1. -1.  0.]
 [ 0.  0.  0.]
 [ 0.  0.  0.]]",[0.   0.   0.08 0.11 0.08 0.07 0.5  0.07 0.09],1
596,"[[-1.  1. -0.]
 [-0. -0. -0.]
 [-1. -0. -0.]]",[0.   0.   0.12 0.45 0.12 0.1  0.   0.11 0.1 ],-1
597,"[[ 1. -1.  0.]
 [-1.  0.  0.]
 [ 1.  0.  0.]]",[0.   0.   0.07 0.   0.77 0.04 0.   0.05 0.07],1
598,"[[-1.  1. -0.]
 [ 1. -1. -0.]
 [-1. -0. -0.]]",[0.   0.   0.25 0.   0.   0.26 0.   0.17 0.32],-1
599,"[[ 1. -1.  0.]
 [-1.  1.  0.]
 [ 1.  0. -1.]]",[0.   0.   0.94 0.   0.   0.02 0.   0.04 0.  ],1
600,"[[0. 0. 0.]
 [0. 0. 0.]
 [0. 0. 0.]]",[0.13 0.13 0.12 0.12 0.11 0.1  0.12 0.08 0.09],1
601,"[[-1. -0. -0.]
 [-0. -0. -0.]
 [-0. -0. -0.]]",[0.   0.14 0.13 0.1  0.13 0.12 0.14 0.12 0.12],-1
602,"[[ 1. -1.  0.]
 [ 0.  0.  0.]
 [ 0.  0.  0.]]",[0.   0.   0.09 0.08 0.09 0.08 0.5  0.08 0.08],1
603,"[[-1.  1. -0.]
 [-0. -0. -0.]
 [-1. -0. -0.]]",[0.   0.   0.11 0.44 0.11 0.11 0.   0.09 0.14],-1
604,"[[ 1. -1.  0.]
 [-1.  0.  0.]
 [ 1.  0.  0.]]",[0.   0.   0.06 0.   0.07 0.01 0.   0.01 0.85],1
605,"[[-1.  1. -0.]
 [ 1. -0. -0.]
 [-1. -0. -1.]]",[0.   0.   0.25 0.   0.3  0.18 0.   0.27 0.  ],-1
606,"[[ 1. -1.  0.]
 [-1. -1.  0.]
 [ 1.  0.  1.]]",[0.   0.   0.02 0.   0.   0.01 0.   0.97 0.  ],1
607,"[[0. 0. 0.]
 [0. 0. 0.]
 [0. 0. 0.]]",[0.14 0.11 0.12 0.1  0.1  0.1  0.13 0.08 0.12],1
608,"[[-1. -0. -0.]
 [-0. -0. -0.]
 [-0. -0. -0.]]",[0.   0.14 0.12 0.1  0.13 0.11 0.14 0.09 0.17],-1
609,"[[ 1.  0.  0.]
 [ 0.  0.  0.]
 [ 0.  0. -1.]]",[0.   0.22 0.35 0.08 0.1  0.08 0.09 0.08 0.  ],1
610,"[[-1. -0. -1.]
 [-0. -0. -0.]
 [-0. -0.  1.]]",[0.   0.29 0.   0.13 0.15 0.13 0.14 0.16 0.  ],-1
611,"[[ 1. -1.  1.]
 [ 0.  0.  0.]
 [ 0.  0. -1.]]",[0.   0.   0.   0.02 0.04 0.01 0.9  0.03 0.  ],1
612,"[[-1.  1. -1.]
 [-0. -0. -0.]
 [-1. -0.  1.]]",[0.   0.   0.   0.24 0.38 0.19 0.   0.19 0.  ],-1
613,"[[ 1. -1.  1.]
 [ 0. -1.  0.]
 [ 1.  0. -1.]]",[0.   0.   0.   0.97 0.   0.01 0.   0.02 0.  ],1
614,"[[0. 0. 0.]
 [0. 0. 0.]
 [0. 0. 0.]]",[0.13 0.14 0.11 0.12 0.1  0.1  0.1  0.09 0.11],-1
615,"[[-0. -1. -0.]
 [-0. -0. -0.]
 [-0. -0. -0.]]",[0.15 0.   0.13 0.12 0.12 0.13 0.13 0.11 0.11],1
616,"[[-1.  1.  0.]
 [ 0.  0.  0.]
 [ 0.  0.  0.]]",[0.   0.   0.13 0.11 0.14 0.12 0.15 0.2  0.15],-1
617,"[[ 1. -1. -0.]
 [-0. -0. -0.]
 [-0. -1. -0.]]",[0.   0.   0.07 0.03 0.78 0.04 0.04 0.   0.04],1
618,"[[-1.  1.  0.]
 [ 0. -1.  0.]
 [ 0.  1.  0.]]",[0.   0.   0.18 0.16 0.   0.19 0.17 0.   0.3 ],-1
619,"[[ 1. -1. -0.]
 [-0.  1. -0.]
 [-0. -1. -1.]]",[0.   0.   0.02 0.04 0.   0.03 0.91 0.   0.  ],1
620,"[[-1.  1.  0.]
 [ 0. -1.  0.]
 [-1.  1.  1.]]",[0.   0.   0.31 0.45 0.   0.24 0.   0.   0.  ],-1
621,"[[ 1. -1. -0.]
 [-1.  1. -0.]
 [ 1. -1. -1.]]",[0.   0.   0.95 0.   0.   0.05 0.   0.   0.  ],1
622,"[[0. 0. 0.]
 [0. 0. 0.]
 [0. 0. 0.]]",[0.14 0.12 0.13 0.09 0.1  0.09 0.11 0.11 0.11],1
623,"[[-1. -0. -0.]
 [-0. -0. -0.]
 [-0. -0. -0.]]",[0.   0.16 0.12 0.14 0.11 0.12 0.13 0.11 0.11],-1
624,"[[ 1. -1.  0.]
 [ 0.  0.  0.]
 [ 0.  0.  0.]]",[0.   0.   0.09 0.08 0.08 0.06 0.53 0.07 0.09],1
625,"[[-1.  1. -0.]
 [-0. -0. -0.]
 [-1. -0. -0.]]",[0.   0.   0.11 0.45 0.12 0.12 0.   0.09 0.11],-1
626,"[[ 1. -1.  0.]
 [-1.  0.  0.]
 [ 1.  0.  0.]]",[0.   0.   0.08 0.   0.79 0.03 0.   0.03 0.07],1
627,"[[-1.  1. -0.]
 [ 1. -1. -0.]
 [-1. -0. -0.]]",[0.   0.   0.27 0.   0.   0.17 0.   0.26 0.3 ],-1
628,"[[ 1. -1.  0.]
 [-1.  1.  0.]
 [ 1.  0. -1.]]",[0.   0.   0.94 0.   0.   0.04 0.   0.02 0.  ],1
629,"[[0. 0. 0.]
 [0. 0. 0.]
 [0. 0. 0.]]",[0.13 0.12 0.11 0.1  0.09 0.1  0.13 0.09 0.13],1
630,"[[-1. -0. -0.]
 [-0. -0. -0.]
 [-0. -0. -0.]]",[0.   0.14 0.15 0.1  0.13 0.1  0.13 0.11 0.14],-1
631,"[[ 1.  0. -1.]
 [ 0.  0.  0.]
 [ 0.  0.  0.]]",[0.   0.11 0.   0.09 0.11 0.08 0.42 0.07 0.12],1
632,"[[-1. -0.  1.]
 [-0. -0. -0.]
 [-1. -0. -0.]]",[0.   0.11 0.   0.52 0.09 0.09 0.   0.1  0.09],-1
633,"[[ 1.  0. -1.]
 [-1.  0.  0.]
 [ 1.  0.  0.]]",[0.   0.09 0.   0.   0.09 0.09 0.   0.06 0.67],1
634,"[[-1. -0.  1.]
 [ 1. -0. -0.]
 [-1. -0. -1.]]",[0.   0.23 0.   0.   0.27 0.24 0.   0.26 0.  ],-1
635,"[[ 1.  0. -1.]
 [-1. -1.  0.]
 [ 1.  0.  1.]]",[0.   0.03 0.   0.   0.   0.02 0.   0.95 0.  ],1
636,"[[0. 0. 0.]
 [0. 0. 0.]
 [0. 0. 0.]]",[0.13 0.11 0.11 0.1  0.11 0.1  0.11 0.1  0.13],1
637,"[[-1. -0. -0.]
 [-0. -0. -0.]
 [-0. -0. -0.]]",[0.   0.14 0.14 0.13 0.13 0.1  0.13 0.12 0.11],-1
638,"[[ 1. -1.  0.]
 [ 0.  0.  0.]
 [ 0.  0.  0.]]",[0.   0.   0.08 0.09 0.1  0.08 0.49 0.08 0.08],1
639,"[[-1.  1. -0.]
 [-0. -0. -0.]
 [-1. -0. -0.]]",[0.   0.   0.12 0.45 0.11 0.1  0.   0.1  0.12],-1
640,"[[ 1. -1.  0.]
 [-1.  0.  0.]
 [ 1.  0.  0.]]",[0.   0.   0.09 0.   0.07 0.03 0.   0.02 0.79],1
641,"[[-1.  1. -0.]
 [ 1. -0. -0.]
 [-1. -0. -1.]]",[0.   0.   0.23 0.   0.36 0.18 0.   0.23 0.  ],-1
642,"[[ 1. -1.  0.]
 [-1. -1.  0.]
 [ 1.  0.  1.]]",[0.   0.   0.02 0.   0.   0.03 0.   0.95 0.  ],1
643,"[[0. 0. 0.]
 [0. 0. 0.]
 [0. 0. 0.]]",[0.13 0.13 0.11 0.11 0.1  0.1  0.13 0.09 0.1 ],1
644,"[[-1. -0. -0.]
 [-0. -0. -0.]
 [-0. -0. -0.]]",[0.   0.16 0.12 0.11 0.16 0.1  0.12 0.11 0.12],-1
645,"[[ 1. -1.  0.]
 [ 0.  0.  0.]
 [ 0.  0.  0.]]",[0.   0.   0.08 0.07 0.07 0.07 0.57 0.06 0.08],1
646,"[[-1.  1. -0.]
 [-0. -0. -0.]
 [-1. -0. -0.]]",[0.   0.   0.12 0.46 0.11 0.09 0.   0.1  0.12],-1
647,"[[ 1. -1.  0.]
 [-1.  0.  0.]
 [ 1.  0.  0.]]",[0.   0.   0.08 0.   0.77 0.02 0.   0.06 0.07],1
648,"[[-1.  1. -0.]
 [ 1. -1. -0.]
 [-1. -0. -0.]]",[0.   0.   0.29 0.   0.   0.24 0.   0.16 0.31],-1
649,"[[ 1. -1.  0.]
 [-1.  1.  0.]
 [ 1.  0. -1.]]",[0.   0.   0.95 0.   0.   0.01 0.   0.04 0.  ],1
650,"[[0. 0. 0.]
 [0. 0. 0.]
 [0. 0. 0.]]",[0.13 0.12 0.12 0.1  0.12 0.1  0.12 0.09 0.1 ],1
651,"[[-1. -0. -0.]
 [-0. -0. -0.]
 [-0. -0. -0.]]",[0.   0.14 0.14 0.11 0.13 0.14 0.12 0.11 0.11],-1
652,"[[ 1. -1.  0.]
 [ 0.  0.  0.]
 [ 0.  0.  0.]]",[0.   0.   0.11 0.07 0.08 0.05 0.54 0.07 0.08],1
653,"[[-1.  1. -0.]
 [-0. -0. -0.]
 [-1. -0. -0.]]",[0.   0.   0.11 0.45 0.11 0.09 0.   0.13 0.11],-1
654,"[[ 1. -1.  0.]
 [-1.  0.  0.]
 [ 1.  0.  0.]]",[0.   0.   0.09 0.   0.73 0.06 0.   0.05 0.07],1
655,"[[-1.  1. -0.]
 [ 1. -1. -0.]
 [-1. -0. -0.]]",[0.   0.   0.33 0.   0.   0.2  0.   0.16 0.31],-1
656,"[[ 1. -1. -1.]
 [-1.  1.  0.]
 [ 1.  0.  0.]]",[0.   0.   0.   0.   0.   0.01 0.   0.04 0.95],1
657,"[[0. 0. 0.]
 [0. 0. 0.]
 [0. 0. 0.]]",[0.12 0.12 0.12 0.09 0.11 0.11 0.13 0.1  0.1 ],1
658,"[[-0. -0. -0.]
 [-0. -0. -0.]
 [-1. -0. -0.]]",[0.15 0.18 0.12 0.13 0.11 0.12 0.   0.09 0.1 ],-1
659,"[[ 0. -1.  0.]
 [ 0.  0.  0.]
 [ 1.  0.  0.]]",[0.55 0.   0.08 0.06 0.1  0.08 0.   0.05 0.08],1
660,"[[-1.  1. -0.]
 [-0. -0. -0.]
 [-1. -0. -0.]]",[0.   0.   0.11 0.45 0.11 0.11 0.   0.1  0.12],-1
661,"[[ 1. -1.  0.]
 [-1.  0.  0.]
 [ 1.  0.  0.]]",[0.   0.   0.08 0.   0.07 0.06 0.   0.05 0.74],1
662,"[[-1.  1. -0.]
 [ 1. -0. -0.]
 [-1. -0. -1.]]",[0.   0.   0.22 0.   0.32 0.18 0.   0.28 0.  ],-1
663,"[[ 1. -1.  0.]
 [-1. -1.  0.]
 [ 1.  0.  1.]]",[0.   0.   0.02 0.   0.   0.03 0.   0.95 0.  ],1
664,"[[0. 0. 0.]
 [0. 0. 0.]
 [0. 0. 0.]]",[0.14 0.12 0.11 0.1  0.1  0.1  0.13 0.1  0.1 ],1
665,"[[-1. -0. -0.]
 [-0. -0. -0.]
 [-0. -0. -0.]]",[0.   0.14 0.15 0.11 0.12 0.1  0.13 0.14 0.11],-1
666,"[[ 1.  0. -1.]
 [ 0.  0.  0.]
 [ 0.  0.  0.]]",[0.   0.1  0.   0.09 0.1  0.08 0.43 0.08 0.12],1
667,"[[-1. -0.  1.]
 [-0. -0. -0.]
 [-1. -0. -0.]]",[0.   0.1  0.   0.53 0.1  0.1  0.   0.08 0.09],-1
668,"[[ 1.  0. -1.]
 [-1.  0.  0.]
 [ 1.  0.  0.]]",[0.   0.09 0.   0.   0.09 0.09 0.   0.16 0.57],1
669,"[[-1. -0.  1.]
 [ 1. -0. -0.]
 [-1. -0. -1.]]",[0.   0.28 0.   0.   0.26 0.23 0.   0.23 0.  ],-1
670,"[[ 1. -1. -1.]
 [-1.  0.  0.]
 [ 1.  0.  1.]]",[0.   0.   0.   0.   0.62 0.01 0.   0.37 0.  ],1
671,"[[0. 0. 0.]
 [0. 0. 0.]
 [0. 0. 0.]]",[0.14 0.12 0.1  0.09 0.12 0.11 0.12 0.1  0.1 ],1
672,"[[-1. -0. -0.]
 [-0. -0. -0.]
 [-0. -0. -0.]]",[0.   0.14 0.14 0.11 0.12 0.11 0.14 0.11 0.13],-1
673,"[[ 1. -1.  0.]
 [ 0.  0.  0.]
 [ 0.  0.  0.]]",[0.   0.   0.08 0.06 0.08 0.09 0.51 0.08 0.1 ],1
674,"[[-1.  1. -0.]
 [-0. -0. -0.]
 [-1. -0. -0.]]",[0.   0.   0.12 0.46 0.11 0.1  0.   0.11 0.1 ],-1
675,"[[ 1. -1.  0.]
 [-1.  0.  0.]
 [ 1.  0.  0.]]",[0.   0.   0.07 0.   0.79 0.04 0.   0.04 0.06],1
676,"[[-1.  1. -0.]
 [ 1. -1. -0.]
 [-1. -0. -0.]]",[0.   0.   0.35 0.   0.   0.2  0.   0.17 0.28],-1
677,"[[ 1. -1. -1.]
 [-1.  1.  0.]
 [ 1.  0.  0.]]",[0.   0.   0.   0.   0.   0.03 0.   0.01 0.96],1
678,"[[0. 0. 0.]
 [0. 0. 0.]
 [0. 0. 0.]]",[0.12 0.12 0.13 0.11 0.1  0.11 0.1  0.1  0.11],1
679,"[[-0. -0. -1.]
 [-0. -0. -0.]
 [-0. -0. -0.]]",[0.14 0.13 0.   0.1  0.14 0.11 0.18 0.09 0.11],-1
680,"[[ 0.  0.  1.]
 [ 0.  0.  0.]
 [-1.  0.  0.]]",[0.41 0.1  0.   0.08 0.09 0.09 0.   0.09 0.14],1
681,"[[-1. -0. -1.]
 [-0. -0. -0.]
 [ 1. -0. -0.]]",[0.   0.49 0.   0.09 0.11 0.09 0.   0.12 0.1 ],-1
682,"[[ 1. -1.  1.]
 [ 0.  0.  0.]
 [-1.  0.  0.]]",[0.   0.   0.   0.08 0.09 0.11 0.   0.06 0.66],1
683,"[[-1.  1. -1.]
 [-0. -0. -0.]
 [ 1. -0. -1.]]",[0.   0.   0.   0.16 0.32 0.25 0.   0.27 0.  ],-1
684,"[[ 1. -1.  1.]
 [ 0. -1.  0.]
 [-1.  0.  1.]]",[0.   0.   0.   0.02 0.   0.96 0.   0.02 0.  ],1
685,"[[0. 0. 0.]
 [0. 0. 0.]
 [0. 0. 0.]]",[0.14 0.12 0.12 0.11 0.11 0.11 0.11 0.08 0.1 ],1
686,"[[-1. -0. -0.]
 [-0. -0. -0.]
 [-0. -0. -0.]]",[0.   0.14 0.13 0.11 0.13 0.12 0.16 0.1  0.11],-1
687,"[[ 1.  0.  0.]
 [ 0.  0.  0.]
 [-1.  0.  0.]]",[0.   0.24 0.29 0.08 0.1  0.07 0.   0.08 0.14],1
688,"[[-1. -0. -1.]
 [-0. -0. -0.]
 [ 1. -0. -0.]]",[0.   0.48 0.   0.11 0.1  0.1  0.   0.11 0.1 ],-1
689,"[[ 1. -1.  1.]
 [ 0.  0.  0.]
 [-1.  0.  0.]]",[0.   0.   0.   0.08 0.11 0.07 0.   0.07 0.67],1
690,"[[-1.  1. -1.]
 [-0. -0. -0.]
 [ 1. -0. -1.]]",[0.   0.   0.   0.18 0.35 0.3  0.   0.17 0.  ],-1
691,"[[ 1. -1.  1.]
 [ 0. -1.  0.]
 [-1.  0.  1.]]",[0.   0.   0.   0.03 0.   0.96 0.   0.01 0.  ],1
692,"[[0. 0. 0.]
 [0. 0. 0.]
 [0. 0. 0.]]",[0.13 0.12 0.12 0.09 0.11 0.1  0.11 0.12 0.1 ],1
693,"[[-1. -0. -0.]
 [-0. -0. -0.]
 [-0. -0. -0.]]",[0.   0.13 0.13 0.11 0.13 0.11 0.19 0.09 0.11],-1
694,"[[ 1.  0.  0.]
 [ 0.  0.  0.]
 [-1.  0.  0.]]",[0.   0.26 0.28 0.09 0.09 0.1  0.   0.09 0.09],1
695,"[[-1. -0. -1.]
 [-0. -0. -0.]
 [ 1. -0. -0.]]",[0.   0.5  0.   0.1  0.1  0.11 0.   0.1  0.09],-1
696,"[[ 1. -1.  1.]
 [ 0.  0.  0.]
 [-1.  0.  0.]]",[0.   0.   0.   0.1  0.08 0.07 0.   0.07 0.68],1
697,"[[-1.  1. -1.]
 [-0. -0. -0.]
 [ 1. -0. -1.]]",[0.   0.   0.   0.19 0.25 0.3  0.   0.26 0.  ],-1
698,"[[ 1. -1.  1.]
 [ 0.  0. -1.]
 [-1.  0.  1.]]",[0.   0.   0.   0.01 0.96 0.   0.   0.03 0.  ],1
699,"[[0. 0. 0.]
 [0. 0. 0.]
 [0. 0. 0.]]",[0.13 0.13 0.12 0.1  0.09 0.12 0.11 0.1  0.1 ],1
700,"[[-1. -0. -0.]
 [-0. -0. -0.]
 [-0. -0. -0.]]",[0.   0.13 0.14 0.1  0.13 0.13 0.16 0.1  0.11],-1
701,"[[ 1.  0.  0.]
 [ 0.  0.  0.]
 [-1.  0.  0.]]",[0.   0.26 0.31 0.09 0.08 0.08 0.   0.08 0.1 ],1
702,"[[-1. -0. -1.]
 [-0. -0. -0.]
 [ 1. -0. -0.]]",[0.   0.5  0.   0.09 0.1  0.1  0.   0.1  0.11],-1
703,"[[ 1. -1.  1.]
 [ 0.  0.  0.]
 [-1.  0.  0.]]",[0.   0.   0.   0.07 0.11 0.06 0.   0.07 0.69],1
704,"[[-1.  1. -1.]
 [-0. -0. -0.]
 [ 1. -0. -1.]]",[0.   0.   0.   0.27 0.26 0.26 0.   0.21 0.  ],-1
705,"[[ 1. -1.  1.]
 [-1.  0.  0.]
 [-1.  0.  1.]]",[0.   0.   0.   0.   0.43 0.55 0.   0.02 0.  ],1
706,"[[0. 0. 0.]
 [0. 0. 0.]
 [0. 0. 0.]]",[0.13 0.12 0.1  0.1  0.12 0.1  0.13 0.09 0.11],0
707,"[[-1. -0. -0.]
 [-0. -0. -0.]
 [-0. -0. -0.]]",[0.   0.13 0.12 0.1  0.14 0.11 0.14 0.12 0.14],0
708,"[[ 1.  0.  0.]
 [ 0. -1.  0.]
 [ 0.  0.  0.]]",[0.   0.25 0.27 0.08 0.   0.08 0.18 0.06 0.08],0
709,"[[-1. -0. -1.]
 [-0.  1. -0.]
 [-0. -0. -0.]]",[0.   0.75 0.   0.02 0.   0.07 0.07 0.07 0.02],0
710,"[[ 1. -1.  1.]
 [ 0. -1.  0.]
 [ 0.  0.  0.]]",[0.   0.   0.   0.07 0.   0.06 0.09 0.72 0.06],0
711,"[[-1.  1. -1.]
 [-0.  1. -0.]
 [-0. -1. -0.]]",[0.   0.   0.   0.34 0.   0.3  0.25 0.   0.11],0
712,"[[ 1. -1.  1.]
 [-1. -1.  0.]
 [ 0.  1.  0.]]",[0.   0.   0.   0.   0.   0.89 0.05 0.   0.06],0
713,"[[-1.  1. -1.]
 [ 1.  1. -1.]
 [-0. -1. -0.]]",[0.   0.   0.   0.   0.   0.   0.07 0.   0.93],0
714,"[[ 1. -1.  1.]
 [-1. -1.  1.]
 [ 0.  1. -1.]]",[0. 0. 0. 0. 0. 0. 1. 0. 0.],0
715,"[[0. 0. 0.]
 [0. 0. 0.]
 [0. 0. 0.]]",[0.15 0.14 0.11 0.1  0.11 0.1  0.11 0.08 0.1 ],0
716,"[[-1. -0. -0.]
 [-0. -0. -0.]
 [-0. -0. -0.]]",[0.   0.13 0.13 0.12 0.15 0.12 0.12 0.11 0.12],0
717,"[[ 1.  0.  0.]
 [ 0. -1.  0.]
 [ 0.  0.  0.]]",[0.   0.25 0.28 0.08 0.   0.09 0.13 0.08 0.09],0
718,"[[-1. -0. -1.]
 [-0.  1. -0.]
 [-0. -0. -0.]]",[0.   0.75 0.   0.02 0.   0.07 0.07 0.07 0.02],0
719,"[[ 1. -1.  1.]
 [ 0. -1.  0.]
 [ 0.  0.  0.]]",[0.   0.   0.   0.07 0.   0.06 0.07 0.74 0.06],0
720,"[[-1.  1. -1.]
 [-0.  1. -0.]
 [-0. -1. -0.]]",[0.   0.   0.   0.32 0.   0.36 0.17 0.   0.15],0
721,"[[ 1. -1.  1.]
 [ 0. -1. -1.]
 [ 0.  1.  0.]]",[0.   0.   0.   0.91 0.   0.   0.05 0.   0.04],0
722,"[[-1.  1. -1.]
 [-1.  1.  1.]
 [-0. -1. -0.]]",[0.   0.   0.   0.   0.   0.   0.97 0.   0.03],0
723,"[[ 1. -1.  1.]
 [ 1. -1. -1.]
 [-1.  1.  0.]]",[0. 0. 0. 0. 0. 0. 0. 0. 1.],0
724,"[[0. 0. 0.]
 [0. 0. 0.]
 [0. 0. 0.]]",[0.13 0.12 0.12 0.09 0.1  0.08 0.13 0.12 0.11],1
725,"[[-1. -0. -0.]
 [-0. -0. -0.]
 [-0. -0. -0.]]",[0.   0.14 0.13 0.12 0.14 0.11 0.13 0.12 0.11],-1
726,"[[ 1. -1.  0.]
 [ 0.  0.  0.]
 [ 0.  0.  0.]]",[0.   0.   0.09 0.09 0.08 0.08 0.5  0.08 0.08],1
727,"[[-1.  1. -0.]
 [-0. -0. -0.]
 [-1. -0. -0.]]",[0.   0.   0.11 0.45 0.11 0.1  0.   0.11 0.12],-1
728,"[[ 1. -1.  0.]
 [-1.  0.  0.]
 [ 1.  0.  0.]]",[0.   0.   0.09 0.   0.76 0.06 0.   0.03 0.06],1
729,"[[-1.  1. -0.]
 [ 1. -1. -0.]
 [-1. -0. -0.]]",[0.   0.   0.25 0.   0.   0.28 0.   0.21 0.26],-1
730,"[[ 1. -1.  0.]
 [-1.  1. -1.]
 [ 1.  0.  0.]]",[0.   0.   0.43 0.   0.   0.   0.   0.07 0.5 ],1
731,"[[0. 0. 0.]
 [0. 0. 0.]
 [0. 0. 0.]]",[0.14 0.12 0.11 0.1  0.1  0.1  0.13 0.09 0.11],0
732,"[[-1. -0. -0.]
 [-0. -0. -0.]
 [-0. -0. -0.]]",[0.   0.14 0.14 0.1  0.15 0.11 0.14 0.1  0.12],0
733,"[[ 1.  0.  0.]
 [ 0. -1.  0.]
 [ 0.  0.  0.]]",[0.   0.25 0.28 0.08 0.   0.08 0.13 0.1  0.08],0
734,"[[-1. -0. -1.]
 [-0.  1. -0.]
 [-0. -0. -0.]]",[0.   0.78 0.   0.04 0.   0.07 0.02 0.02 0.07],0
735,"[[ 1. -1.  1.]
 [ 0. -1.  0.]
 [ 0.  0.  0.]]",[0.   0.   0.   0.06 0.   0.08 0.07 0.73 0.06],0
736,"[[-1.  1. -1.]
 [-0.  1. -0.]
 [-0. -1. -0.]]",[0.   0.   0.   0.35 0.   0.37 0.21 0.   0.07],0
737,"[[ 1. -1.  1.]
 [ 0. -1. -1.]
 [ 0.  1.  0.]]",[0.   0.   0.   0.9  0.   0.   0.05 0.   0.05],0
738,"[[-1.  1. -1.]
 [-1.  1.  1.]
 [-0. -1. -0.]]",[0.   0.   0.   0.   0.   0.   0.96 0.   0.04],0
739,"[[ 1. -1.  1.]
 [ 1. -1. -1.]
 [-1.  1.  0.]]",[0. 0. 0. 0. 0. 0. 0. 0. 1.],0
740,"[[0. 0. 0.]
 [0. 0. 0.]
 [0. 0. 0.]]",[0.12 0.12 0.11 0.12 0.11 0.11 0.12 0.08 0.11],1
741,"[[-1. -0. -0.]
 [-0. -0. -0.]
 [-0. -0. -0.]]",[0.   0.15 0.13 0.09 0.12 0.12 0.14 0.11 0.14],-1
742,"[[ 1. -1.  0.]
 [ 0.  0.  0.]
 [ 0.  0.  0.]]",[0.   0.   0.09 0.09 0.09 0.05 0.52 0.08 0.08],1
743,"[[-1.  1. -0.]
 [-0. -0. -0.]
 [-1. -0. -0.]]",[0.   0.   0.11 0.46 0.11 0.1  0.   0.1  0.12],-1
744,"[[ 1. -1.  0.]
 [-1.  0.  0.]
 [ 1.  0.  0.]]",[0.   0.   0.07 0.   0.77 0.02 0.   0.08 0.06],1
745,"[[-1.  1. -0.]
 [ 1. -1. -0.]
 [-1. -0. -0.]]",[0.   0.   0.31 0.   0.   0.25 0.   0.16 0.28],-1
746,"[[ 1. -1. -1.]
 [-1.  1.  0.]
 [ 1.  0.  0.]]",[0.   0.   0.   0.   0.   0.03 0.   0.02 0.95],1
747,"[[0. 0. 0.]
 [0. 0. 0.]
 [0. 0. 0.]]",[0.12 0.14 0.11 0.11 0.11 0.09 0.13 0.08 0.11],-1
748,"[[-0. -1. -0.]
 [-0. -0. -0.]
 [-0. -0. -0.]]",[0.16 0.   0.11 0.11 0.12 0.11 0.16 0.12 0.11],1
749,"[[-1.  1.  0.]
 [ 0.  0.  0.]
 [ 0.  0.  0.]]",[0.   0.   0.19 0.1  0.13 0.11 0.16 0.19 0.12],-1
750,"[[ 1. -1. -1.]
 [-0. -0. -0.]
 [-0. -0. -0.]]",[0.   0.   0.   0.07 0.08 0.06 0.52 0.07 0.2 ],1
751,"[[-1.  1.  1.]
 [ 0.  0.  0.]
 [-1.  0.  0.]]",[0.   0.   0.   0.49 0.14 0.12 0.   0.13 0.12],-1
752,"[[ 1. -1. -1.]
 [-1. -0. -0.]
 [ 1. -0. -0.]]",[0.   0.   0.   0.   0.06 0.02 0.   0.03 0.89],1
753,"[[-1.  1.  1.]
 [ 1.  0.  0.]
 [-1.  0. -1.]]",[0.   0.   0.   0.   0.42 0.25 0.   0.33 0.  ],-1
754,"[[ 1. -1. -1.]
 [-1. -1. -0.]
 [ 1. -0.  1.]]",[0.   0.   0.   0.   0.   0.02 0.   0.98 0.  ],1
755,"[[0. 0. 0.]
 [0. 0. 0.]
 [0. 0. 0.]]",[0.12 0.11 0.12 0.1  0.12 0.11 0.11 0.1  0.11],1
756,"[[-1. -0. -0.]
 [-0. -0. -0.]
 [-0. -0. -0.]]",[0.   0.14 0.14 0.1  0.11 0.13 0.15 0.1  0.13],-1
757,"[[ 1.  0.  0.]
 [ 0.  0.  0.]
 [-1.  0.  0.]]",[0.   0.26 0.31 0.08 0.09 0.08 0.   0.09 0.09],1
758,"[[-1. -0. -1.]
 [-0. -0. -0.]
 [ 1. -0. -0.]]",[0.   0.49 0.   0.11 0.1  0.1  0.   0.1  0.1 ],-1
759,"[[ 1. -1.  1.]
 [ 0.  0.  0.]
 [-1.  0.  0.]]",[0.   0.   0.   0.04 0.12 0.06 0.   0.04 0.74],1
760,"[[-1.  1. -1.]
 [-0. -0. -0.]
 [ 1. -0. -1.]]",[0.   0.   0.   0.21 0.29 0.31 0.   0.19 0.  ],-1
761,"[[ 1. -1.  1.]
 [ 0.  0. -1.]
 [-1.  0.  1.]]",[0.   0.   0.   0.02 0.97 0.   0.   0.01 0.  ],1
762,"[[0. 0. 0.]
 [0. 0. 0.]
 [0. 0. 0.]]",[0.14 0.13 0.12 0.11 0.11 0.08 0.12 0.09 0.1 ],0
763,"[[-1. -0. -0.]
 [-0. -0. -0.]
 [-0. -0. -0.]]",[0.   0.14 0.13 0.12 0.15 0.1  0.14 0.1  0.12],0
764,"[[ 1.  0.  0.]
 [ 0. -1.  0.]
 [ 0.  0.  0.]]",[0.   0.25 0.28 0.07 0.   0.09 0.13 0.1  0.08],0
765,"[[-1. -0. -1.]
 [-0.  1. -0.]
 [-0. -0. -0.]]",[0.   0.78 0.   0.02 0.   0.08 0.03 0.02 0.07],0
766,"[[ 1. -1.  1.]
 [ 0. -1.  0.]
 [ 0.  0.  0.]]",[0.   0.   0.   0.07 0.   0.07 0.07 0.72 0.07],0
767,"[[-1.  1. -1.]
 [-0.  1. -0.]
 [-0. -1. -0.]]",[0.   0.   0.   0.37 0.   0.39 0.17 0.   0.07],0
768,"[[ 1. -1.  1.]
 [ 0. -1. -1.]
 [ 0.  1.  0.]]",[0.   0.   0.   0.89 0.   0.   0.04 0.   0.07],0
769,"[[-1.  1. -1.]
 [-1.  1.  1.]
 [-0. -1. -0.]]",[0.   0.   0.   0.   0.   0.   0.94 0.   0.06],0
770,"[[ 1. -1.  1.]
 [ 1. -1. -1.]
 [-1.  1.  0.]]",[0. 0. 0. 0. 0. 0. 0. 0. 1.],0
771,"[[0. 0. 0.]
 [0. 0. 0.]
 [0. 0. 0.]]",[0.12 0.12 0.12 0.1  0.11 0.09 0.13 0.11 0.1 ],0
772,"[[-0. -0. -0.]
 [-0. -0. -0.]
 [-1. -0. -0.]]",[0.21 0.14 0.12 0.11 0.12 0.1  0.   0.09 0.11],0
773,"[[-1.  0.  0.]
 [ 0.  0.  0.]
 [ 1.  0.  0.]]",[0.   0.15 0.16 0.1  0.27 0.11 0.   0.12 0.09],0
774,"[[ 1. -0. -0.]
 [-0. -1. -0.]
 [-1. -0. -0.]]",[0.   0.09 0.57 0.08 0.   0.09 0.   0.08 0.09],0
775,"[[-1.  0. -1.]
 [ 0.  1.  0.]
 [ 1.  0.  0.]]",[0.   0.83 0.   0.06 0.   0.07 0.   0.02 0.02],0
776,"[[ 1. -1.  1.]
 [-0. -1. -0.]
 [-1. -0. -0.]]",[0.   0.   0.   0.05 0.   0.06 0.   0.84 0.05],0
777,"[[-1.  1. -1.]
 [ 0.  1.  0.]
 [ 1. -1.  0.]]",[0.   0.   0.   0.37 0.   0.44 0.   0.   0.19],0
778,"[[ 1. -1.  1.]
 [-0. -1. -1.]
 [-1.  1. -0.]]",[0.   0.   0.   0.96 0.   0.   0.   0.   0.04],0
779,"[[-1.  1. -1.]
 [-1.  1.  1.]
 [ 1. -1.  0.]]",[0. 0. 0. 0. 0. 0. 0. 0. 1.],0
780,"[[0. 0. 0.]
 [0. 0. 0.]
 [0. 0. 0.]]",[0.14 0.12 0.11 0.1  0.09 0.11 0.12 0.11 0.1 ],1
781,"[[-1. -0. -0.]
 [-0. -0. -0.]
 [-0. -0. -0.]]",[0.   0.14 0.11 0.13 0.12 0.11 0.17 0.1  0.12],-1
782,"[[ 1.  0.  0.]
 [ 0.  0.  0.]
 [-1.  0.  0.]]",[0.   0.24 0.31 0.1  0.09 0.1  0.   0.08 0.08],1
783,"[[-1. -0. -1.]
 [-0. -0. -0.]
 [ 1. -0. -0.]]",[0.   0.52 0.   0.09 0.11 0.09 0.   0.1  0.09],-1
784,"[[ 1. -1.  1.]
 [ 0.  0.  0.]
 [-1.  0.  0.]]",[0.   0.   0.   0.06 0.07 0.06 0.   0.04 0.77],1
785,"[[-1.  1. -1.]
 [-0. -0. -0.]
 [ 1. -0. -1.]]",[0.   0.   0.   0.25 0.28 0.24 0.   0.23 0.  ],-1
786,"[[ 1. -1.  1.]
 [ 0. -1.  0.]
 [-1.  0.  1.]]",[0.   0.   0.   0.03 0.   0.95 0.   0.02 0.  ],1
787,"[[0. 0. 0.]
 [0. 0. 0.]
 [0. 0. 0.]]",[0.12 0.13 0.1  0.1  0.13 0.08 0.13 0.11 0.1 ],1
788,"[[-0. -1. -0.]
 [-0. -0. -0.]
 [-0. -0. -0.]]",[0.14 0.   0.14 0.12 0.14 0.11 0.11 0.13 0.11],-1
789,"[[-1.  1.  0.]
 [ 0.  0.  0.]
 [ 0.  0.  0.]]",[0.   0.   0.12 0.12 0.13 0.12 0.19 0.19 0.13],1
790,"[[ 1. -1. -0.]
 [-0. -0. -0.]
 [-1. -0. -0.]]",[0.   0.   0.22 0.14 0.14 0.11 0.   0.14 0.25],-1
791,"[[-1.  1.  0.]
 [ 0.  0.  0.]
 [ 1.  0. -1.]]",[0.   0.   0.03 0.02 0.89 0.02 0.   0.04 0.  ],1
792,"[[ 1. -1. -0.]
 [-0. -1. -0.]
 [-1. -0.  1.]]",[0.   0.   0.27 0.2  0.   0.25 0.   0.28 0.  ],-1
793,"[[-1.  1.  0.]
 [ 0.  1.  0.]
 [ 1. -1. -1.]]",[0.   0.   0.95 0.02 0.   0.03 0.   0.   0.  ],1
794,"[[0. 0. 0.]
 [0. 0. 0.]
 [0. 0. 0.]]",[0.13 0.12 0.12 0.1  0.1  0.11 0.13 0.09 0.1 ],1
795,"[[-1. -0. -0.]
 [-0. -0. -0.]
 [-0. -0. -0.]]",[0.   0.14 0.12 0.12 0.13 0.11 0.14 0.12 0.12],-1
796,"[[ 1. -1.  0.]
 [ 0.  0.  0.]
 [ 0.  0.  0.]]",[0.   0.   0.09 0.08 0.1  0.08 0.51 0.06 0.08],1
797,"[[-1.  1. -0.]
 [-0. -0. -0.]
 [-1. -0. -0.]]",[0.   0.   0.11 0.44 0.11 0.1  0.   0.1  0.14],-1
798,"[[ 1. -1.  0.]
 [-1.  0.  0.]
 [ 1.  0.  0.]]",[0.   0.   0.09 0.   0.62 0.06 0.   0.16 0.07],1
799,"[[-1.  1. -0.]
 [ 1. -1. -0.]
 [-1. -0. -0.]]",[0.   0.   0.36 0.   0.   0.16 0.   0.2  0.28],-1
800,"[[ 1. -1. -1.]
 [-1.  1.  0.]
 [ 1.  0.  0.]]",[0.   0.   0.   0.   0.   0.04 0.   0.03 0.93],1
801,"[[0. 0. 0.]
 [0. 0. 0.]
 [0. 0. 0.]]",[0.12 0.11 0.11 0.1  0.11 0.11 0.11 0.1  0.13],-1
802,"[[-0. -0. -0.]
 [-0. -0. -0.]
 [-0. -0. -1.]]",[0.15 0.15 0.12 0.1  0.12 0.11 0.15 0.1  0.  ],1
803,"[[-1.  0.  0.]
 [ 0.  0.  0.]
 [ 0.  0.  1.]]",[0.   0.12 0.17 0.11 0.12 0.25 0.13 0.1  0.  ],-1
804,"[[ 1. -0. -0.]
 [-0. -0. -1.]
 [-0. -0. -1.]]",[0.   0.02 0.86 0.03 0.03 0.   0.03 0.03 0.  ],1
805,"[[-1.  0. -1.]
 [ 0.  0.  1.]
 [ 0.  0.  1.]]",[0.   0.32 0.   0.16 0.18 0.   0.18 0.16 0.  ],-1
806,"[[ 1. -1.  1.]
 [-0. -0. -1.]
 [-0. -0. -1.]]",[0.   0.   0.   0.03 0.03 0.   0.92 0.02 0.  ],1
807,"[[-1.  1. -1.]
 [ 0.  0.  1.]
 [-1.  0.  1.]]",[0.   0.   0.   0.33 0.51 0.   0.   0.16 0.  ],-1
808,"[[ 1. -1.  1.]
 [-0. -1. -1.]
 [ 1. -0. -1.]]",[0.   0.   0.   0.98 0.   0.   0.   0.02 0.  ],1
809,"[[0. 0. 0.]
 [0. 0. 0.]
 [0. 0. 0.]]",[0.12 0.13 0.11 0.11 0.13 0.08 0.13 0.08 0.11],0
810,"[[-0. -1. -0.]
 [-0. -0. -0.]
 [-0. -0. -0.]]",[0.21 0.   0.13 0.11 0.11 0.11 0.13 0.1  0.1 ],0
811,"[[-1.  1.  0.]
 [ 0.  0.  0.]
 [ 0.  0.  0.]]",[0.   0.   0.13 0.11 0.22 0.1  0.14 0.2  0.1 ],0
812,"[[ 1. -1. -0.]
 [-0. -1. -0.]
 [-0. -0. -0.]]",[0.   0.   0.1  0.09 0.   0.09 0.09 0.55 0.08],0
813,"[[-1.  1.  0.]
 [ 0.  1.  0.]
 [ 0. -1.  0.]]",[0.   0.   0.1  0.22 0.   0.24 0.36 0.   0.08],0
814,"[[ 1. -1. -0.]
 [-0. -1. -0.]
 [-1.  1. -0.]]",[0.   0.   0.82 0.06 0.   0.06 0.   0.   0.06],0
815,"[[-1.  1. -1.]
 [ 0.  1.  0.]
 [ 1. -1.  0.]]",[0.   0.   0.   0.28 0.   0.32 0.   0.   0.4 ],0
816,"[[ 1. -1.  1.]
 [-0. -1. -0.]
 [-1.  1. -1.]]",[0.   0.   0.   0.42 0.   0.58 0.   0.   0.  ],0
817,"[[-1.  1. -1.]
 [ 0.  1. -1.]
 [ 1. -1.  1.]]",[0. 0. 0. 1. 0. 0. 0. 0. 0.],0
818,"[[0. 0. 0.]
 [0. 0. 0.]
 [0. 0. 0.]]",[0.13 0.12 0.1  0.1  0.13 0.09 0.14 0.09 0.1 ],1
819,"[[-0. -0. -0.]
 [-0. -0. -0.]
 [-1. -0. -0.]]",[0.16 0.13 0.12 0.1  0.13 0.1  0.   0.12 0.14],-1
820,"[[-1.  0.  0.]
 [ 0.  0.  0.]
 [ 1.  0.  0.]]",[0.   0.11 0.38 0.09 0.13 0.08 0.   0.11 0.1 ],1
821,"[[ 1. -0. -1.]
 [-0. -0. -0.]
 [-1. -0. -0.]]",[0.   0.11 0.   0.1  0.48 0.1  0.   0.09 0.12],-1
822,"[[-1.  0.  1.]
 [ 0. -1.  0.]
 [ 1.  0.  0.]]",[0.   0.05 0.   0.06 0.   0.05 0.   0.05 0.79],1
823,"[[ 1. -0. -1.]
 [-0.  1. -0.]
 [-1. -0. -1.]]",[0.   0.25 0.   0.25 0.   0.25 0.   0.25 0.  ],-1
824,"[[-1. -1.  1.]
 [ 0. -1.  0.]
 [ 1.  0.  1.]]",[0.   0.   0.   0.03 0.   0.37 0.   0.6  0.  ],1
825,"[[0. 0. 0.]
 [0. 0. 0.]
 [0. 0. 0.]]",[0.12 0.16 0.11 0.1  0.12 0.1  0.11 0.08 0.1 ],1
826,"[[-0. -1. -0.]
 [-0. -0. -0.]
 [-0. -0. -0.]]",[0.14 0.   0.12 0.11 0.12 0.11 0.16 0.12 0.12],-1
827,"[[ 0.  1.  0.]
 [ 0.  0.  0.]
 [-1.  0.  0.]]",[0.29 0.   0.15 0.09 0.1  0.11 0.   0.15 0.11],1
828,"[[-1. -1. -0.]
 [-0. -0. -0.]
 [ 1. -0. -0.]]",[0.   0.   0.43 0.11 0.11 0.12 0.   0.12 0.11],-1
829,"[[ 1.  1. -1.]
 [ 0.  0.  0.]
 [-1.  0.  0.]]",[0.   0.   0.   0.02 0.89 0.03 0.   0.03 0.03],1
830,"[[-1. -1.  1.]
 [-0. -1. -0.]
 [ 1. -0. -0.]]",[0.   0.   0.   0.27 0.   0.22 0.   0.27 0.24],-1
831,"[[ 1.  1. -1.]
 [-1.  1.  0.]
 [-1.  0.  0.]]",[0.   0.   0.   0.   0.   0.01 0.   0.41 0.58],1
832,"[[0. 0. 0.]
 [0. 0. 0.]
 [0. 0. 0.]]",[0.12 0.12 0.12 0.1  0.12 0.11 0.12 0.09 0.1 ],1
833,"[[-1. -0. -0.]
 [-0. -0. -0.]
 [-0. -0. -0.]]",[0.   0.14 0.17 0.1  0.16 0.1  0.12 0.09 0.12],-1
834,"[[ 1.  0. -1.]
 [ 0.  0.  0.]
 [ 0.  0.  0.]]",[0.   0.13 0.   0.08 0.1  0.1  0.38 0.08 0.13],1
835,"[[-1. -0.  1.]
 [-0. -0. -0.]
 [-1. -0. -0.]]",[0.   0.1  0.   0.54 0.09 0.09 0.   0.09 0.09],-1
836,"[[ 1.  0. -1.]
 [-1.  0.  0.]
 [ 1.  0.  0.]]",[0.   0.07 0.   0.   0.08 0.04 0.   0.06 0.75],1
837,"[[-1. -0.  1.]
 [ 1. -0. -0.]
 [-1. -0. -1.]]",[0.   0.21 0.   0.   0.32 0.23 0.   0.24 0.  ],-1
838,"[[ 1.  0. -1.]
 [-1. -1.  0.]
 [ 1.  0.  1.]]",[0.   0.02 0.   0.   0.   0.03 0.   0.95 0.  ],1
839,"[[0. 0. 0.]
 [0. 0. 0.]
 [0. 0. 0.]]",[0.14 0.12 0.11 0.1  0.12 0.08 0.13 0.1  0.1 ],0
840,"[[-1. -0. -0.]
 [-0. -0. -0.]
 [-0. -0. -0.]]",[0.   0.13 0.13 0.1  0.12 0.1  0.14 0.15 0.13],0
841,"[[ 1.  0.  0.]
 [ 0.  0.  0.]
 [ 0. -1.  0.]]",[0.   0.31 0.24 0.08 0.09 0.09 0.11 0.   0.08],0
842,"[[-1. -1. -0.]
 [-0. -0. -0.]
 [-0.  1. -0.]]",[0.   0.   0.57 0.09 0.09 0.08 0.09 0.   0.08],0
843,"[[ 1.  1. -1.]
 [ 0.  0.  0.]
 [ 0. -1.  0.]]",[0.   0.   0.   0.19 0.2  0.11 0.3  0.   0.2 ],0
844,"[[-1. -1.  1.]
 [-0. -0. -0.]
 [-1.  1. -0.]]",[0.   0.   0.   0.81 0.07 0.06 0.   0.   0.06],0
845,"[[ 1.  1. -1.]
 [-1.  0.  0.]
 [ 1. -1.  0.]]",[0.   0.   0.   0.   0.46 0.25 0.   0.   0.29],0
846,"[[-1. -1.  1.]
 [ 1. -1. -0.]
 [-1.  1. -0.]]",[0.   0.   0.   0.   0.   0.05 0.   0.   0.95],0
847,"[[ 1.  1. -1.]
 [-1.  1.  0.]
 [ 1. -1. -1.]]",[0. 0. 0. 0. 0. 1. 0. 0. 0.],0
848,"[[0. 0. 0.]
 [0. 0. 0.]
 [0. 0. 0.]]",[0.12 0.12 0.11 0.1  0.11 0.11 0.13 0.1  0.1 ],1
849,"[[-0. -0. -0.]
 [-0. -0. -0.]
 [-1. -0. -0.]]",[0.15 0.16 0.11 0.11 0.12 0.1  0.   0.12 0.13],-1
850,"[[ 0. -1.  0.]
 [ 0.  0.  0.]
 [ 1.  0.  0.]]",[0.54 0.   0.07 0.09 0.07 0.08 0.   0.07 0.08],1
851,"[[-1.  1. -0.]
 [-0. -0. -0.]
 [-1. -0. -0.]]",[0.   0.   0.13 0.43 0.12 0.1  0.   0.1  0.12],-1
852,"[[ 1. -1.  0.]
 [-1.  0.  0.]
 [ 1.  0.  0.]]",[0.   0.   0.09 0.   0.71 0.05 0.   0.08 0.07],1
853,"[[-1.  1. -0.]
 [ 1. -1. -0.]
 [-1. -0. -0.]]",[0.   0.   0.26 0.   0.   0.25 0.   0.17 0.32],-1
854,"[[ 1. -1.  0.]
 [-1.  1.  0.]
 [ 1.  0. -1.]]",[0.   0.   0.93 0.   0.   0.03 0.   0.04 0.  ],1
855,"[[0. 0. 0.]
 [0. 0. 0.]
 [0. 0. 0.]]",[0.12 0.12 0.12 0.1  0.13 0.09 0.13 0.09 0.1 ],0
856,"[[-0. -0. -0.]
 [-0. -1. -0.]
 [-0. -0. -0.]]",[0.18 0.12 0.14 0.1  0.   0.1  0.16 0.1  0.1 ],0
857,"[[-1.  0.  0.]
 [ 0.  1.  0.]
 [ 0.  0.  0.]]",[0.   0.09 0.08 0.36 0.   0.08 0.22 0.08 0.09],0
858,"[[ 1. -0. -0.]
 [-1. -1. -0.]
 [-0. -0. -0.]]",[0.   0.09 0.08 0.   0.   0.55 0.1  0.09 0.09],0
859,"[[-1.  0.  0.]
 [ 1.  1. -1.]
 [ 0.  0.  0.]]",[0.   0.43 0.17 0.   0.   0.   0.16 0.15 0.09],0
860,"[[ 1. -1. -0.]
 [-1. -1.  1.]
 [-0. -0. -0.]]",[0.   0.   0.06 0.   0.   0.   0.06 0.82 0.06],0
861,"[[-1.  1.  0.]
 [ 1.  1. -1.]
 [ 0. -1.  0.]]",[0.   0.   0.3  0.   0.   0.   0.49 0.   0.21],0
862,"[[ 1. -1. -0.]
 [-1. -1.  1.]
 [-1.  1. -0.]]",[0.   0.   0.96 0.   0.   0.   0.   0.   0.04],0
863,"[[-1.  1. -1.]
 [ 1.  1. -1.]
 [ 1. -1.  0.]]",[0. 0. 0. 0. 0. 0. 0. 0. 1.],0
864,"[[0. 0. 0.]
 [0. 0. 0.]
 [0. 0. 0.]]",[0.13 0.12 0.15 0.11 0.1  0.1  0.11 0.08 0.1 ],1
865,"[[-0. -0. -1.]
 [-0. -0. -0.]
 [-0. -0. -0.]]",[0.19 0.12 0.   0.13 0.13 0.09 0.13 0.1  0.11],-1
866,"[[-1.  0.  1.]
 [ 0.  0.  0.]
 [ 0.  0.  0.]]",[0.   0.1  0.   0.12 0.09 0.1  0.33 0.1  0.16],1
867,"[[ 1. -0. -1.]
 [-0. -0. -0.]
 [-1. -0. -0.]]",[0.   0.11 0.   0.11 0.48 0.09 0.   0.1  0.11],-1
868,"[[-1.  0.  1.]
 [ 0. -1.  0.]
 [ 1.  0.  0.]]",[0.   0.05 0.   0.06 0.   0.05 0.   0.05 0.79],1
869,"[[ 1. -0. -1.]
 [-0.  1. -0.]
 [-1. -0. -1.]]",[0.   0.26 0.   0.19 0.   0.28 0.   0.27 0.  ],-1
870,"[[-1.  0.  1.]
 [ 0. -1. -1.]
 [ 1.  0.  1.]]",[0.   0.02 0.   0.01 0.   0.   0.   0.97 0.  ],1
871,"[[0. 0. 0.]
 [0. 0. 0.]
 [0. 0. 0.]]",[0.14 0.13 0.1  0.12 0.12 0.09 0.1  0.1  0.1 ],1
872,"[[-1. -0. -0.]
 [-0. -0. -0.]
 [-0. -0. -0.]]",[0.   0.16 0.13 0.11 0.12 0.1  0.15 0.1  0.13],-1
873,"[[ 1. -1.  0.]
 [ 0.  0.  0.]
 [ 0.  0.  0.]]",[0.   0.   0.08 0.07 0.08 0.07 0.55 0.08 0.07],1
874,"[[-1.  1. -0.]
 [-0. -0. -0.]
 [-1. -0. -0.]]",[0.   0.   0.11 0.45 0.11 0.13 0.   0.09 0.11],-1
875,"[[ 1. -1.  0.]
 [-1.  0.  0.]
 [ 1.  0.  0.]]",[0.   0.   0.07 0.   0.75 0.05 0.   0.07 0.06],1
876,"[[-1.  1. -0.]
 [ 1. -1. -0.]
 [-1. -0. -0.]]",[0.  0.  0.3 0.  0.  0.2 0.  0.2 0.3],-1
877,"[[ 1. -1. -1.]
 [-1.  1.  0.]
 [ 1.  0.  0.]]",[0.   0.   0.   0.   0.   0.03 0.   0.02 0.95],1
878,"[[0. 0. 0.]
 [0. 0. 0.]
 [0. 0. 0.]]",[0.12 0.13 0.1  0.1  0.1  0.11 0.11 0.11 0.12],0
879,"[[-0. -1. -0.]
 [-0. -0. -0.]
 [-0. -0. -0.]]",[0.14 0.   0.11 0.12 0.16 0.11 0.14 0.11 0.11],0
880,"[[ 0.  1.  0.]
 [ 0. -1.  0.]
 [ 0.  0.  0.]]",[0.27 0.   0.25 0.09 0.   0.11 0.1  0.09 0.09],0
881,"[[-1. -1. -0.]
 [-0.  1. -0.]
 [-0. -0. -0.]]",[0.   0.   0.73 0.08 0.   0.07 0.02 0.07 0.03],0
882,"[[ 1.  1. -1.]
 [ 0. -1.  0.]
 [ 0.  0.  0.]]",[0.   0.   0.   0.08 0.   0.06 0.72 0.07 0.07],0
883,"[[-1. -1.  1.]
 [-0.  1. -0.]
 [-1. -0. -0.]]",[0.   0.   0.   0.87 0.   0.05 0.   0.02 0.06],0
884,"[[ 1.  1. -1.]
 [-1. -1.  0.]
 [ 1.  0.  0.]]",[0.   0.   0.   0.   0.   0.88 0.   0.07 0.05],0
885,"[[-1. -1.  1.]
 [ 1.  1. -1.]
 [-1. -0. -0.]]",[0.   0.   0.   0.   0.   0.   0.   0.67 0.33],0
886,"[[ 1.  1. -1.]
 [-1. -1.  1.]
 [ 1. -1.  0.]]",[0. 0. 0. 0. 0. 0. 0. 0. 1.],0
887,"[[0. 0. 0.]
 [0. 0. 0.]
 [0. 0. 0.]]",[0.13 0.16 0.1  0.1  0.09 0.11 0.11 0.1  0.1 ],1
888,"[[-0. -1. -0.]
 [-0. -0. -0.]
 [-0. -0. -0.]]",[0.14 0.   0.14 0.1  0.11 0.12 0.16 0.1  0.13],-1
889,"[[ 0.  1.  0.]
 [ 0.  0.  0.]
 [-1.  0.  0.]]",[0.29 0.   0.12 0.1  0.18 0.11 0.   0.09 0.11],1
890,"[[-1. -1. -0.]
 [-0. -0. -0.]
 [ 1. -0. -0.]]",[0.   0.   0.42 0.11 0.11 0.11 0.   0.13 0.12],-1
891,"[[ 1.  1. -1.]
 [ 0.  0.  0.]
 [-1.  0.  0.]]",[0.   0.   0.   0.02 0.89 0.03 0.   0.03 0.03],1
892,"[[-1. -1.  1.]
 [-0. -1. -0.]
 [ 1. -0. -0.]]",[0.   0.   0.   0.25 0.   0.19 0.   0.28 0.28],-1
893,"[[ 1.  1. -1.]
 [ 0.  1.  0.]
 [-1. -1.  0.]]",[0.   0.   0.   0.03 0.   0.03 0.   0.   0.94],1
894,"[[0. 0. 0.]
 [0. 0. 0.]
 [0. 0. 0.]]",[0.13 0.12 0.11 0.11 0.1  0.11 0.11 0.11 0.1 ],1
895,"[[-1. -0. -0.]
 [-0. -0. -0.]
 [-0. -0. -0.]]",[0.   0.13 0.17 0.11 0.15 0.11 0.12 0.11 0.1 ],-1
896,"[[ 1.  0. -1.]
 [ 0.  0.  0.]
 [ 0.  0.  0.]]",[0.   0.15 0.   0.09 0.09 0.08 0.37 0.1  0.12],1
897,"[[-1. -0.  1.]
 [-0. -0. -0.]
 [-1. -0. -0.]]",[0.   0.1  0.   0.52 0.1  0.1  0.   0.09 0.09],-1
898,"[[ 1.  0. -1.]
 [-1.  0.  0.]
 [ 1.  0.  0.]]",[0.   0.09 0.   0.   0.09 0.06 0.   0.05 0.71],1
899,"[[-1. -0.  1.]
 [ 1. -0. -0.]
 [-1. -0. -1.]]",[0.   0.23 0.   0.   0.27 0.25 0.   0.25 0.  ],-1
900,"[[ 1.  0. -1.]
 [-1. -1.  0.]
 [ 1.  0.  1.]]",[0.   0.02 0.   0.   0.   0.05 0.   0.93 0.  ],1
901,"[[0. 0. 0.]
 [0. 0. 0.]
 [0. 0. 0.]]",[0.13 0.11 0.12 0.1  0.1  0.1  0.13 0.11 0.1 ],1
902,"[[-1. -0. -0.]
 [-0. -0. -0.]
 [-0. -0. -0.]]",[0.   0.13 0.12 0.11 0.12 0.11 0.18 0.12 0.11],-1
903,"[[ 1.  0.  0.]
 [ 0.  0.  0.]
 [-1.  0.  0.]]",[0.   0.24 0.34 0.07 0.08 0.07 0.   0.07 0.13],1
904,"[[-1. -0. -1.]
 [-0. -0. -0.]
 [ 1. -0. -0.]]",[0.   0.49 0.   0.1  0.1  0.1  0.   0.11 0.1 ],-1
905,"[[ 1. -1.  1.]
 [ 0.  0.  0.]
 [-1.  0.  0.]]",[0.   0.   0.   0.06 0.06 0.07 0.   0.06 0.75],1
906,"[[-1.  1. -1.]
 [-0. -0. -0.]
 [ 1. -0. -1.]]",[0.   0.   0.   0.21 0.31 0.28 0.   0.2  0.  ],-1
907,"[[ 1. -1.  1.]
 [ 0. -1.  0.]
 [-1.  0.  1.]]",[0.   0.   0.   0.02 0.   0.96 0.   0.02 0.  ],1
908,"[[0. 0. 0.]
 [0. 0. 0.]
 [0. 0. 0.]]",[0.12 0.14 0.1  0.1  0.11 0.1  0.12 0.09 0.12],0
909,"[[-0. -1. -0.]
 [-0. -0. -0.]
 [-0. -0. -0.]]",[0.14 0.   0.12 0.11 0.11 0.1  0.13 0.15 0.14],0
910,"[[ 0.  1.  0.]
 [ 0.  0.  0.]
 [ 0. -1.  0.]]",[0.31 0.   0.26 0.07 0.1  0.08 0.1  0.   0.08],0
911,"[[-1. -1. -0.]
 [-0. -0. -0.]
 [-0.  1. -0.]]",[0.   0.   0.57 0.08 0.08 0.08 0.08 0.   0.11],0
912,"[[ 1.  1. -1.]
 [ 0.  0.  0.]
 [ 0. -1.  0.]]",[0.   0.   0.   0.18 0.2  0.15 0.28 0.   0.19],0
913,"[[-1. -1.  1.]
 [-0. -0. -0.]
 [-1.  1. -0.]]",[0.   0.   0.   0.82 0.06 0.05 0.   0.   0.07],0
914,"[[ 1.  1. -1.]
 [-1.  0.  0.]
 [ 1. -1.  0.]]",[0.   0.   0.   0.   0.32 0.36 0.   0.   0.32],0
915,"[[-1. -1.  1.]
 [ 1. -0. -1.]
 [-1.  1. -0.]]",[0.   0.   0.   0.   0.34 0.   0.   0.   0.66],0
916,"[[ 1.  1. -1.]
 [-1.  0.  1.]
 [ 1. -1. -1.]]",[0. 0. 0. 0. 1. 0. 0. 0. 0.],0
917,"[[0. 0. 0.]
 [0. 0. 0.]
 [0. 0. 0.]]",[0.12 0.12 0.11 0.1  0.11 0.09 0.11 0.13 0.11],-1
918,"[[-0. -0. -0.]
 [-0. -0. -0.]
 [-0. -1. -0.]]",[0.19 0.15 0.14 0.1  0.1  0.09 0.12 0.   0.11],1
919,"[[-1.  0.  0.]
 [ 0.  0.  0.]
 [ 0.  1.  0.]]",[0.   0.33 0.1  0.08 0.22 0.07 0.1  0.   0.1 ],-1
920,"[[ 1. -1. -0.]
 [-0. -0. -0.]
 [-0. -1. -0.]]",[0.   0.   0.03 0.03 0.82 0.04 0.04 0.   0.04],1
921,"[[-1.  1.  0.]
 [ 0. -1.  0.]
 [ 0.  1.  0.]]",[0.   0.   0.18 0.16 0.   0.16 0.19 0.   0.31],-1
922,"[[ 1. -1. -0.]
 [-0.  1. -0.]
 [-0. -1. -1.]]",[0.   0.   0.01 0.03 0.   0.04 0.92 0.   0.  ],1
923,"[[-1.  1.  0.]
 [ 0. -1.  0.]
 [-1.  1.  1.]]",[0.   0.   0.38 0.45 0.   0.17 0.   0.   0.  ],-1
924,"[[ 1. -1. -0.]
 [-1.  1. -0.]
 [ 1. -1. -1.]]",[0.   0.   0.95 0.   0.   0.05 0.   0.   0.  ],1
925,"[[0. 0. 0.]
 [0. 0. 0.]
 [0. 0. 0.]]",[0.13 0.14 0.14 0.1  0.1  0.1  0.11 0.08 0.1 ],-1
926,"[[-0. -1. -0.]
 [-0. -0. -0.]
 [-0. -0. -0.]]",[0.18 0.   0.11 0.11 0.12 0.12 0.13 0.12 0.11],1
927,"[[-1.  1.  0.]
 [ 0.  0.  0.]
 [ 0.  0.  0.]]",[0.   0.   0.13 0.12 0.14 0.12 0.15 0.19 0.15],-1
928,"[[ 1. -1. -0.]
 [-0. -0. -0.]
 [-0. -1. -0.]]",[0.   0.   0.03 0.03 0.82 0.04 0.04 0.   0.04],1
929,"[[-1.  1.  0.]
 [ 0. -1.  0.]
 [ 0.  1.  0.]]",[0.   0.   0.2  0.15 0.   0.15 0.19 0.   0.31],-1
930,"[[ 1. -1. -0.]
 [-0.  1. -0.]
 [-0. -1. -1.]]",[0.   0.   0.04 0.02 0.   0.02 0.92 0.   0.  ],1
931,"[[-1.  1.  0.]
 [ 0. -1.  0.]
 [-1.  1.  1.]]",[0.   0.   0.49 0.28 0.   0.23 0.   0.   0.  ],-1
932,"[[ 1. -1. -1.]
 [-0.  1. -0.]
 [ 1. -1. -1.]]",[0.   0.   0.   0.97 0.   0.03 0.   0.   0.  ],1
933,"[[0. 0. 0.]
 [0. 0. 0.]
 [0. 0. 0.]]",[0.13 0.12 0.11 0.12 0.1  0.1  0.11 0.11 0.1 ],1
934,"[[-1. -0. -0.]
 [-0. -0. -0.]
 [-0. -0. -0.]]",[0.   0.17 0.12 0.1  0.12 0.11 0.17 0.1  0.11],-1
935,"[[ 1. -1.  0.]
 [ 0.  0.  0.]
 [ 0.  0.  0.]]",[0.   0.   0.08 0.06 0.07 0.07 0.57 0.07 0.08],1
936,"[[-1.  1. -0.]
 [-0. -0. -0.]
 [-1. -0. -0.]]",[0.   0.   0.11 0.43 0.11 0.11 0.   0.12 0.12],-1
937,"[[ 1. -1.  0.]
 [-1.  0.  0.]
 [ 1.  0.  0.]]",[0.   0.   0.09 0.   0.74 0.06 0.   0.04 0.07],1
938,"[[-1.  1. -0.]
 [ 1. -1. -0.]
 [-1. -0. -0.]]",[0.   0.   0.25 0.   0.   0.24 0.   0.19 0.32],-1
939,"[[ 1. -1.  0.]
 [-1.  1.  0.]
 [ 1.  0. -1.]]",[0.   0.   0.93 0.   0.   0.03 0.   0.04 0.  ],1
940,"[[0. 0. 0.]
 [0. 0. 0.]
 [0. 0. 0.]]",[0.14 0.11 0.12 0.08 0.1  0.1  0.13 0.11 0.11],1
941,"[[-1. -0. -0.]
 [-0. -0. -0.]
 [-0. -0. -0.]]",[0.   0.17 0.13 0.11 0.13 0.13 0.12 0.1  0.11],-1
942,"[[ 1. -1.  0.]
 [ 0.  0.  0.]
 [ 0.  0.  0.]]",[0.   0.   0.08 0.07 0.09 0.1  0.5  0.08 0.08],1
943,"[[-1.  1. -0.]
 [-0. -0. -0.]
 [-1. -0. -0.]]",[0.   0.   0.11 0.43 0.12 0.11 0.   0.12 0.11],-1
944,"[[ 1. -1.  0.]
 [-1.  0.  0.]
 [ 1.  0.  0.]]",[0.   0.   0.08 0.   0.75 0.03 0.   0.08 0.06],1
945,"[[-1.  1. -0.]
 [ 1. -1. -0.]
 [-1. -0. -0.]]",[0.   0.   0.29 0.   0.   0.21 0.   0.2  0.3 ],-1
946,"[[ 1. -1.  0.]
 [-1.  1.  0.]
 [ 1.  0. -1.]]",[0.   0.   0.97 0.   0.   0.01 0.   0.02 0.  ],1
