,board,hist,result
0,"[[0. 0. 0.]
 [0. 0. 0.]
 [0. 0. 0.]]",[0.07 0.13 0.08 0.08 0.07 0.09 0.05 0.09 0.34],0
1,"[[0. 0. 0.]
 [0. 0. 0.]
 [0. 0. 1.]]",[0.07 0.13 0.17 0.32 0.05 0.08 0.11 0.07 0.  ],0
2,"[[ 0.  0.  0.]
 [-1.  0.  0.]
 [ 0.  0.  1.]]",[0.17 0.19 0.19 0.   0.08 0.11 0.07 0.19 0.  ],0
3,"[[ 0.  1.  0.]
 [-1.  0.  0.]
 [ 0.  0.  1.]]",[0.17 0.   0.05 0.   0.06 0.05 0.62 0.05 0.  ],0
4,"[[ 0.  1.  0.]
 [-1.  0.  0.]
 [-1.  0.  1.]]",[0.39 0.   0.14 0.   0.18 0.15 0.   0.14 0.  ],0
5,"[[ 1.  1.  0.]
 [-1.  0.  0.]
 [-1.  0.  1.]]",[0.   0.   0.03 0.   0.04 0.05 0.   0.88 0.  ],0
6,"[[ 1.  1.  0.]
 [-1.  0.  0.]
 [-1. -1.  1.]]",[0.   0.   0.28 0.   0.27 0.45 0.   0.   0.  ],0
7,"[[ 1.  1.  0.]
 [-1.  0.  1.]
 [-1. -1.  1.]]",[0.   0.   0.71 0.   0.29 0.   0.   0.   0.  ],0
8,"[[ 1.  1. -1.]
 [-1.  0.  1.]
 [-1. -1.  1.]]",[0. 0. 0. 0. 1. 0. 0. 0. 0.],0
9,"[[0. 0. 0.]
 [0. 0. 0.]
 [0. 0. 0.]]",[0.09 0.26 0.05 0.09 0.07 0.06 0.09 0.23 0.06],0
10,"[[0. 1. 0.]
 [0. 0. 0.]
 [0. 0. 0.]]",[0.08 0.   0.06 0.07 0.06 0.36 0.08 0.21 0.08],0
11,"[[ 0.  1.  0.]
 [ 0.  0. -1.]
 [ 0.  0.  0.]]",[0.08 0.   0.08 0.21 0.07 0.   0.07 0.2  0.29],0
12,"[[ 0.  1.  0.]
 [ 0.  0. -1.]
 [ 0.  0.  1.]]",[0.22 0.   0.04 0.1  0.15 0.   0.21 0.28 0.  ],0
13,"[[ 0.  1.  0.]
 [ 0.  0. -1.]
 [ 0. -1.  1.]]",[0.08 0.   0.21 0.29 0.08 0.   0.34 0.   0.  ],0
14,"[[ 0.  1.  0.]
 [ 0.  0. -1.]
 [ 1. -1.  1.]]",[0.04 0.   0.03 0.04 0.89 0.   0.   0.   0.  ],0
15,"[[ 0.  1.  0.]
 [ 0. -1. -1.]
 [ 1. -1.  1.]]",[0.28 0.   0.29 0.43 0.   0.   0.   0.   0.  ],0
16,"[[ 0.  1.  0.]
 [ 1. -1. -1.]
 [ 1. -1.  1.]]",[0.02 0.   0.98 0.   0.   0.   0.   0.   0.  ],0
17,"[[ 0.  1. -1.]
 [ 1. -1. -1.]
 [ 1. -1.  1.]]",[1. 0. 0. 0. 0. 0. 0. 0. 0.],0
18,"[[0. 0. 0.]
 [0. 0. 0.]
 [0. 0. 0.]]",[0.07 0.09 0.06 0.07 0.25 0.23 0.08 0.1  0.05],0
19,"[[0. 0. 0.]
 [0. 1. 0.]
 [0. 0. 0.]]",[0.16 0.08 0.04 0.32 0.   0.1  0.08 0.14 0.08],0
20,"[[ 0.  0.  0.]
 [-1.  1.  0.]
 [ 0.  0.  0.]]",[0.19 0.07 0.07 0.   0.   0.17 0.15 0.21 0.14],0
21,"[[ 0.  0.  0.]
 [-1.  1.  0.]
 [ 0.  1.  0.]]",[0.1  0.05 0.13 0.   0.   0.09 0.58 0.   0.05],0
22,"[[ 0.  0.  0.]
 [-1.  1.  0.]
 [-1.  1.  0.]]",[0.42 0.06 0.18 0.   0.   0.18 0.   0.   0.16],0
23,"[[ 1.  0.  0.]
 [-1.  1.  0.]
 [-1.  1.  0.]]",[0.   0.03 0.84 0.   0.   0.06 0.   0.   0.07],0
24,"[[ 1.  0. -1.]
 [-1.  1.  0.]
 [-1.  1.  0.]]",[0.   0.34 0.   0.   0.   0.45 0.   0.   0.21],0
25,"[[ 1.  0. -1.]
 [-1.  1.  1.]
 [-1.  1.  0.]]",[0.   0.42 0.   0.   0.   0.   0.   0.   0.58],0
26,"[[ 1.  0. -1.]
 [-1.  1.  1.]
 [-1.  1. -1.]]",[0. 1. 0. 0. 0. 0. 0. 0. 0.],0
27,"[[0. 0. 0.]
 [0. 0. 0.]
 [0. 0. 0.]]",[0.07 0.08 0.08 0.21 0.11 0.24 0.07 0.06 0.08],1
28,"[[0. 0. 0.]
 [0. 0. 1.]
 [0. 0. 0.]]",[0.1  0.06 0.07 0.27 0.08 0.   0.29 0.06 0.07],1
29,"[[ 0.  0.  0.]
 [ 0.  0.  1.]
 [-1.  0.  0.]]",[0.21 0.32 0.07 0.07 0.11 0.   0.   0.09 0.13],1
30,"[[ 0.  1.  0.]
 [ 0.  0.  1.]
 [-1.  0.  0.]]",[0.06 0.   0.74 0.05 0.05 0.   0.   0.04 0.06],1
31,"[[ 0.  1. -1.]
 [ 0.  0.  1.]
 [-1.  0.  0.]]",[0.16 0.   0.   0.24 0.27 0.   0.   0.15 0.18],1
32,"[[ 0.  1. -1.]
 [ 0.  1.  1.]
 [-1.  0.  0.]]",[0.81 0.   0.   0.04 0.   0.   0.   0.08 0.07],1
33,"[[-1.  1. -1.]
 [ 0.  1.  1.]
 [-1.  0.  0.]]",[0.   0.   0.   0.33 0.   0.   0.   0.2  0.47],1
34,"[[-1.  1. -1.]
 [ 0.  1.  1.]
 [-1.  0.  1.]]",[0.   0.   0.   0.57 0.   0.   0.   0.43 0.  ],1
35,"[[0. 0. 0.]
 [0. 0. 0.]
 [0. 0. 0.]]",[0.06 0.08 0.05 0.07 0.07 0.33 0.08 0.07 0.19],0
36,"[[0. 0. 0.]
 [0. 0. 1.]
 [0. 0. 0.]]",[0.37 0.07 0.05 0.09 0.06 0.   0.07 0.14 0.15],0
37,"[[-1.  0.  0.]
 [ 0.  0.  1.]
 [ 0.  0.  0.]]",[0.   0.3  0.04 0.13 0.19 0.   0.06 0.17 0.11],0
38,"[[-1.  1.  0.]
 [ 0.  0.  1.]
 [ 0.  0.  0.]]",[0.   0.   0.06 0.68 0.06 0.   0.06 0.06 0.08],0
39,"[[-1.  1.  0.]
 [-1.  0.  1.]
 [ 0.  0.  0.]]",[0.   0.   0.12 0.   0.16 0.   0.46 0.12 0.14],0
40,"[[-1.  1.  0.]
 [-1.  0.  1.]
 [ 1.  0.  0.]]",[0.   0.   0.03 0.   0.04 0.   0.   0.9  0.03],0
41,"[[-1.  1.  0.]
 [-1.  0.  1.]
 [ 1. -1.  0.]]",[0.   0.   0.28 0.   0.39 0.   0.   0.   0.33],0
42,"[[-1.  1.  0.]
 [-1.  1.  1.]
 [ 1. -1.  0.]]",[0.   0.   0.02 0.   0.   0.   0.   0.   0.98],0
43,"[[-1.  1.  0.]
 [-1.  1.  1.]
 [ 1. -1. -1.]]",[0. 0. 1. 0. 0. 0. 0. 0. 0.],0
44,"[[0. 0. 0.]
 [0. 0. 0.]
 [0. 0. 0.]]",[0.13 0.32 0.05 0.08 0.05 0.08 0.07 0.06 0.16],1
45,"[[0. 1. 0.]
 [0. 0. 0.]
 [0. 0. 0.]]",[0.08 0.   0.08 0.06 0.07 0.07 0.29 0.29 0.06],1
46,"[[ 0.  1.  0.]
 [ 0.  0.  0.]
 [-1.  0.  0.]]",[0.08 0.   0.06 0.05 0.17 0.26 0.   0.07 0.31],1
47,"[[ 0.  1.  0.]
 [ 0.  0.  0.]
 [-1.  0.  1.]]",[0.24 0.   0.03 0.5  0.06 0.04 0.   0.13 0.  ],1
48,"[[ 0.  1.  0.]
 [-1.  0.  0.]
 [-1.  0.  1.]]",[0.25 0.   0.26 0.   0.14 0.18 0.   0.17 0.  ],1
49,"[[ 0.  1.  1.]
 [-1.  0.  0.]
 [-1.  0.  1.]]",[0.73 0.   0.   0.   0.12 0.03 0.   0.12 0.  ],1
50,"[[0. 0. 0.]
 [0. 0. 0.]
 [0. 0. 0.]]",[0.05 0.06 0.05 0.09 0.27 0.16 0.06 0.17 0.09],0
51,"[[0. 0. 0.]
 [0. 1. 0.]
 [0. 0. 0.]]",[0.07 0.14 0.07 0.24 0.   0.07 0.06 0.28 0.07],0
52,"[[ 0.  0.  0.]
 [ 0.  1.  0.]
 [ 0. -1.  0.]]",[0.07 0.12 0.25 0.15 0.   0.28 0.06 0.   0.07],0
53,"[[ 0.  0.  0.]
 [ 0.  1.  1.]
 [ 0. -1.  0.]]",[0.13 0.1  0.07 0.06 0.   0.   0.54 0.   0.1 ],0
54,"[[ 0.  0.  0.]
 [ 0.  1.  1.]
 [-1. -1.  0.]]",[0.2  0.19 0.24 0.09 0.   0.   0.   0.   0.28],0
55,"[[ 0.  0.  0.]
 [ 0.  1.  1.]
 [-1. -1.  1.]]",[0.05 0.28 0.05 0.62 0.   0.   0.   0.   0.  ],0
56,"[[ 0.  0.  0.]
 [-1.  1.  1.]
 [-1. -1.  1.]]",[0.54 0.35 0.11 0.   0.   0.   0.   0.   0.  ],0
57,"[[0. 0. 0.]
 [0. 0. 0.]
 [0. 0. 0.]]",[0.07 0.07 0.14 0.06 0.16 0.08 0.08 0.12 0.22],1
58,"[[0. 0. 0.]
 [0. 0. 0.]
 [0. 0. 1.]]",[0.1  0.11 0.05 0.14 0.07 0.16 0.16 0.21 0.  ],1
59,"[[ 0.  0.  0.]
 [ 0.  0.  0.]
 [ 0. -1.  1.]]",[0.14 0.27 0.06 0.05 0.12 0.05 0.31 0.   0.  ],1
60,"[[ 0.  0.  0.]
 [ 0.  0.  0.]
 [ 1. -1.  1.]]",[0.07 0.15 0.36 0.24 0.06 0.12 0.   0.   0.  ],1
61,"[[ 0.  0. -1.]
 [ 0.  0.  0.]
 [ 1. -1.  1.]]",[0.13 0.28 0.   0.11 0.08 0.4  0.   0.   0.  ],1
62,"[[ 0.  0. -1.]
 [ 0.  0.  1.]
 [ 1. -1.  1.]]",[0.03 0.9  0.   0.03 0.04 0.   0.   0.   0.  ],1
63,"[[ 0. -1. -1.]
 [ 0.  0.  1.]
 [ 1. -1.  1.]]",[0.34 0.   0.   0.36 0.3  0.   0.   0.   0.  ],1
64,"[[ 0. -1. -1.]
 [ 1.  0.  1.]
 [ 1. -1.  1.]]",[0.75 0.   0.   0.   0.25 0.   0.   0.   0.  ],1
65,"[[0. 0. 0.]
 [0. 0. 0.]
 [0. 0. 0.]]",[0.08 0.05 0.08 0.07 0.07 0.17 0.08 0.34 0.06],0
66,"[[0. 0. 0.]
 [0. 0. 0.]
 [0. 1. 0.]]",[0.11 0.11 0.06 0.06 0.17 0.2  0.06 0.   0.23],0
67,"[[ 0.  0.  0.]
 [ 0.  0.  0.]
 [ 0.  1. -1.]]",[0.21 0.24 0.06 0.24 0.06 0.07 0.12 0.   0.  ],0
68,"[[ 0.  1.  0.]
 [ 0.  0.  0.]
 [ 0.  1. -1.]]",[0.08 0.   0.13 0.06 0.04 0.65 0.04 0.   0.  ],0
69,"[[ 0.  1.  0.]
 [ 0.  0. -1.]
 [ 0.  1. -1.]]",[0.23 0.   0.33 0.22 0.06 0.   0.16 0.   0.  ],0
70,"[[ 0.  1.  1.]
 [ 0.  0. -1.]
 [ 0.  1. -1.]]",[0.04 0.   0.   0.05 0.03 0.   0.88 0.   0.  ],0
71,"[[ 0.  1.  1.]
 [ 0.  0. -1.]
 [-1.  1. -1.]]",[0.33 0.   0.   0.48 0.19 0.   0.   0.   0.  ],0
72,"[[ 0.  1.  1.]
 [ 1.  0. -1.]
 [-1.  1. -1.]]",[0.28 0.   0.   0.   0.72 0.   0.   0.   0.  ],0
73,"[[ 0.  1.  1.]
 [ 1. -1. -1.]
 [-1.  1. -1.]]",[1. 0. 0. 0. 0. 0. 0. 0. 0.],0
74,"[[0. 0. 0.]
 [0. 0. 0.]
 [0. 0. 0.]]",[0.07 0.06 0.27 0.09 0.15 0.14 0.07 0.08 0.07],1
75,"[[0. 0. 1.]
 [0. 0. 0.]
 [0. 0. 0.]]",[0.06 0.16 0.   0.08 0.06 0.05 0.17 0.23 0.19],1
76,"[[ 0.  0.  1.]
 [ 0.  0.  0.]
 [ 0. -1.  0.]]",[0.09 0.07 0.   0.3  0.21 0.08 0.05 0.   0.2 ],1
77,"[[ 0.  0.  1.]
 [ 1.  0.  0.]
 [ 0. -1.  0.]]",[0.06 0.05 0.   0.   0.73 0.05 0.06 0.   0.05],1
78,"[[ 0.  0.  1.]
 [ 1. -1.  0.]
 [ 0. -1.  0.]]",[0.14 0.43 0.   0.   0.   0.14 0.17 0.   0.12],1
79,"[[ 0.  1.  1.]
 [ 1. -1.  0.]
 [ 0. -1.  0.]]",[0.04 0.   0.   0.   0.   0.04 0.04 0.   0.88],1
80,"[[ 0.  1.  1.]
 [ 1. -1.  0.]
 [ 0. -1. -1.]]",[0.21 0.   0.   0.   0.   0.39 0.4  0.   0.  ],1
81,"[[ 0.  1.  1.]
 [ 1. -1.  0.]
 [ 1. -1. -1.]]",[0.72 0.   0.   0.   0.   0.28 0.   0.   0.  ],1
82,"[[0. 0. 0.]
 [0. 0. 0.]
 [0. 0. 0.]]",[0.08 0.13 0.28 0.08 0.08 0.18 0.05 0.06 0.06],0
83,"[[0. 0. 1.]
 [0. 0. 0.]
 [0. 0. 0.]]",[0.23 0.06 0.   0.08 0.06 0.07 0.07 0.07 0.36],0
84,"[[ 0.  0.  1.]
 [ 0.  0.  0.]
 [ 0.  0. -1.]]",[0.06 0.08 0.   0.23 0.1  0.25 0.2  0.08 0.  ],0
85,"[[ 0.  0.  1.]
 [ 0.  0.  1.]
 [ 0.  0. -1.]]",[0.06 0.04 0.   0.04 0.78 0.   0.04 0.04 0.  ],0
86,"[[ 0.  0.  1.]
 [ 0. -1.  1.]
 [ 0.  0. -1.]]",[0.39 0.16 0.   0.17 0.   0.   0.13 0.15 0.  ],0
87,"[[ 1.  0.  1.]
 [ 0. -1.  1.]
 [ 0.  0. -1.]]",[0.   0.02 0.   0.04 0.   0.   0.05 0.89 0.  ],0
88,"[[ 1.  0.  1.]
 [ 0. -1.  1.]
 [ 0. -1. -1.]]",[0.   0.22 0.   0.32 0.   0.   0.46 0.   0.  ],0
89,"[[ 1.  0.  1.]
 [ 0. -1.  1.]
 [ 1. -1. -1.]]",[0.   0.41 0.   0.59 0.   0.   0.   0.   0.  ],0
90,"[[ 1.  0.  1.]
 [-1. -1.  1.]
 [ 1. -1. -1.]]",[0. 1. 0. 0. 0. 0. 0. 0. 0.],0
91,"[[0. 0. 0.]
 [0. 0. 0.]
 [0. 0. 0.]]",[0.08 0.2  0.05 0.29 0.16 0.05 0.05 0.07 0.05],0
92,"[[0. 0. 0.]
 [1. 0. 0.]
 [0. 0. 0.]]",[0.08 0.07 0.07 0.   0.08 0.16 0.42 0.05 0.07],0
93,"[[ 0.  0.  0.]
 [ 1.  0.  0.]
 [-1.  0.  0.]]",[0.07 0.26 0.06 0.   0.09 0.06 0.   0.1  0.36],0
94,"[[ 0.  0.  0.]
 [ 1.  0.  0.]
 [-1.  0.  1.]]",[0.18 0.23 0.11 0.   0.06 0.08 0.   0.34 0.  ],0
95,"[[ 0.  0.  0.]
 [ 1.  0.  0.]
 [-1. -1.  1.]]",[0.16 0.29 0.21 0.   0.15 0.19 0.   0.   0.  ],0
96,"[[ 0.  1.  0.]
 [ 1.  0.  0.]
 [-1. -1.  1.]]",[0.91 0.   0.03 0.   0.02 0.04 0.   0.   0.  ],0
97,"[[-1.  1.  0.]
 [ 1.  0.  0.]
 [-1. -1.  1.]]",[0.   0.   0.21 0.   0.44 0.35 0.   0.   0.  ],0
98,"[[-1.  1.  0.]
 [ 1.  1.  0.]
 [-1. -1.  1.]]",[0.   0.   0.98 0.   0.   0.02 0.   0.   0.  ],0
99,"[[-1.  1. -1.]
 [ 1.  1.  0.]
 [-1. -1.  1.]]",[0. 0. 0. 0. 0. 1. 0. 0. 0.],0
100,"[[0. 0. 0.]
 [0. 0. 0.]
 [0. 0. 0.]]",[0.07 0.21 0.04 0.08 0.28 0.06 0.09 0.09 0.08],1
101,"[[0. 0. 0.]
 [0. 1. 0.]
 [0. 0. 0.]]",[0.15 0.05 0.07 0.09 0.   0.05 0.14 0.39 0.06],1
102,"[[ 0.  0.  0.]
 [ 0.  1.  0.]
 [ 0. -1.  0.]]",[0.19 0.27 0.25 0.07 0.   0.07 0.07 0.   0.08],1
103,"[[ 0.  1.  0.]
 [ 0.  1.  0.]
 [ 0. -1.  0.]]",[0.05 0.   0.05 0.12 0.   0.04 0.05 0.   0.69],1
104,"[[ 0.  1.  0.]
 [ 0.  1.  0.]
 [ 0. -1. -1.]]",[0.13 0.   0.13 0.14 0.   0.19 0.41 0.   0.  ],1
105,"[[ 0.  1.  0.]
 [ 0.  1.  0.]
 [ 1. -1. -1.]]",[0.04 0.   0.02 0.02 0.   0.92 0.   0.   0.  ],1
106,"[[ 0.  1.  0.]
 [ 0.  1. -1.]
 [ 1. -1. -1.]]",[0.46 0.   0.17 0.37 0.   0.   0.   0.   0.  ],1
107,"[[ 1.  1.  0.]
 [ 0.  1. -1.]
 [ 1. -1. -1.]]",[0.   0.   0.51 0.49 0.   0.   0.   0.   0.  ],1
108,"[[0. 0. 0.]
 [0. 0. 0.]
 [0. 0. 0.]]",[0.38 0.09 0.05 0.06 0.1  0.09 0.06 0.11 0.06],0
109,"[[1. 0. 0.]
 [0. 0. 0.]
 [0. 0. 0.]]",[0.   0.27 0.04 0.04 0.35 0.05 0.1  0.08 0.07],0
110,"[[ 1.  0.  0.]
 [ 0. -1.  0.]
 [ 0.  0.  0.]]",[0.   0.06 0.08 0.07 0.   0.07 0.23 0.35 0.14],0
111,"[[ 1.  0.  0.]
 [ 0. -1.  0.]
 [ 0.  1.  0.]]",[0.   0.27 0.52 0.05 0.   0.06 0.05 0.   0.05],0
112,"[[ 1.  0. -1.]
 [ 0. -1.  0.]
 [ 0.  1.  0.]]",[0.   0.18 0.   0.15 0.   0.13 0.37 0.   0.17],0
113,"[[ 1.  0. -1.]
 [ 0. -1.  0.]
 [ 1.  1.  0.]]",[0.   0.87 0.   0.02 0.   0.09 0.   0.   0.02],0
114,"[[ 1. -1. -1.]
 [ 0. -1.  0.]
 [ 1.  1.  0.]]",[0.   0.   0.   0.23 0.   0.57 0.   0.   0.2 ],0
115,"[[ 1. -1. -1.]
 [ 0. -1.  1.]
 [ 1.  1.  0.]]",[0.   0.   0.   0.98 0.   0.   0.   0.   0.02],0
116,"[[ 1. -1. -1.]
 [-1. -1.  1.]
 [ 1.  1.  0.]]",[0. 0. 0. 0. 0. 0. 0. 0. 1.],0
117,"[[0. 0. 0.]
 [0. 0. 0.]
 [0. 0. 0.]]",[0.08 0.17 0.08 0.05 0.07 0.18 0.08 0.22 0.07],0
118,"[[0. 0. 0.]
 [0. 0. 0.]
 [0. 1. 0.]]",[0.16 0.23 0.07 0.08 0.18 0.12 0.08 0.   0.08],0
119,"[[ 0. -1.  0.]
 [ 0.  0.  0.]
 [ 0.  1.  0.]]",[0.08 0.   0.2  0.19 0.14 0.13 0.12 0.   0.14],0
120,"[[ 0. -1.  1.]
 [ 0.  0.  0.]
 [ 0.  1.  0.]]",[0.24 0.   0.   0.06 0.25 0.17 0.14 0.   0.14],0
121,"[[ 0. -1.  1.]
 [ 0. -1.  0.]
 [ 0.  1.  0.]]",[0.33 0.   0.   0.23 0.   0.19 0.15 0.   0.1 ],0
122,"[[ 1. -1.  1.]
 [ 0. -1.  0.]
 [ 0.  1.  0.]]",[0.   0.   0.   0.04 0.   0.68 0.24 0.   0.04],0
123,"[[ 1. -1.  1.]
 [ 0. -1. -1.]
 [ 0.  1.  0.]]",[0.   0.   0.   0.47 0.   0.   0.29 0.   0.24],0
124,"[[ 1. -1.  1.]
 [ 1. -1. -1.]
 [ 0.  1.  0.]]",[0.   0.   0.   0.   0.   0.   0.03 0.   0.97],0
125,"[[ 1. -1.  1.]
 [ 1. -1. -1.]
 [ 0.  1. -1.]]",[0. 0. 0. 0. 0. 0. 1. 0. 0.],0
126,"[[0. 0. 0.]
 [0. 0. 0.]
 [0. 0. 0.]]",[0.08 0.09 0.08 0.08 0.08 0.32 0.12 0.07 0.08],1
127,"[[0. 0. 0.]
 [0. 0. 1.]
 [0. 0. 0.]]",[0.07 0.08 0.06 0.2  0.08 0.   0.07 0.37 0.07],1
128,"[[ 0.  0.  0.]
 [ 0.  0.  1.]
 [ 0. -1.  0.]]",[0.2  0.07 0.05 0.07 0.18 0.   0.31 0.   0.12],1
129,"[[ 0.  0.  0.]
 [ 0.  0.  1.]
 [ 1. -1.  0.]]",[0.06 0.45 0.04 0.13 0.27 0.   0.   0.   0.05],1
130,"[[ 0. -1.  0.]
 [ 0.  0.  1.]
 [ 1. -1.  0.]]",[0.15 0.   0.18 0.16 0.25 0.   0.   0.   0.26],1
131,"[[ 0. -1.  0.]
 [ 0.  0.  1.]
 [ 1. -1.  1.]]",[0.04 0.   0.02 0.02 0.92 0.   0.   0.   0.  ],1
132,"[[0. 0. 0.]
 [0. 0. 0.]
 [0. 0. 0.]]",[0.06 0.22 0.16 0.06 0.08 0.12 0.09 0.16 0.05],1
133,"[[0. 1. 0.]
 [0. 0. 0.]
 [0. 0. 0.]]",[0.07 0.   0.22 0.34 0.08 0.07 0.08 0.08 0.06],1
134,"[[ 0.  1.  0.]
 [-1.  0.  0.]
 [ 0.  0.  0.]]",[0.05 0.   0.07 0.   0.17 0.16 0.12 0.2  0.23],1
135,"[[ 0.  1.  0.]
 [-1.  0.  0.]
 [ 0.  0.  1.]]",[0.16 0.   0.05 0.   0.05 0.05 0.42 0.27 0.  ],1
136,"[[ 0.  1.  0.]
 [-1.  0.  0.]
 [-1.  0.  1.]]",[0.36 0.   0.16 0.   0.15 0.18 0.   0.15 0.  ],1
137,"[[ 1.  1.  0.]
 [-1.  0.  0.]
 [-1.  0.  1.]]",[0.   0.   0.01 0.   0.04 0.9  0.   0.05 0.  ],1
138,"[[ 1.  1.  0.]
 [-1.  0. -1.]
 [-1.  0.  1.]]",[0.   0.   0.26 0.   0.2  0.   0.   0.54 0.  ],1
139,"[[ 1.  1.  0.]
 [-1.  0. -1.]
 [-1.  1.  1.]]",[0.   0.   0.49 0.   0.51 0.   0.   0.   0.  ],1
140,"[[0. 0. 0.]
 [0. 0. 0.]
 [0. 0. 0.]]",[0.06 0.09 0.24 0.08 0.23 0.07 0.08 0.06 0.09],0
141,"[[0. 0. 1.]
 [0. 0. 0.]
 [0. 0. 0.]]",[0.32 0.07 0.   0.07 0.12 0.07 0.2  0.07 0.08],0
142,"[[-1.  0.  1.]
 [ 0.  0.  0.]
 [ 0.  0.  0.]]",[0.   0.31 0.   0.06 0.09 0.22 0.12 0.08 0.12],0
143,"[[-1.  1.  1.]
 [ 0.  0.  0.]
 [ 0.  0.  0.]]",[0.   0.   0.   0.06 0.06 0.14 0.06 0.06 0.62],0
144,"[[-1.  1.  1.]
 [ 0.  0.  0.]
 [ 0.  0. -1.]]",[0.   0.   0.   0.18 0.33 0.17 0.16 0.16 0.  ],0
145,"[[-1.  1.  1.]
 [ 0.  1.  0.]
 [ 0.  0. -1.]]",[0.   0.   0.   0.02 0.   0.94 0.02 0.02 0.  ],0
146,"[[-1.  1.  1.]
 [ 0.  1. -1.]
 [ 0.  0. -1.]]",[0.   0.   0.   0.51 0.   0.   0.26 0.23 0.  ],0
147,"[[-1.  1.  1.]
 [ 1.  1. -1.]
 [ 0.  0. -1.]]",[0.   0.   0.   0.   0.   0.   0.67 0.33 0.  ],0
148,"[[-1.  1.  1.]
 [ 1.  1. -1.]
 [-1.  0. -1.]]",[0. 0. 0. 0. 0. 0. 0. 1. 0.],0
149,"[[0. 0. 0.]
 [0. 0. 0.]
 [0. 0. 0.]]",[0.08 0.07 0.08 0.06 0.32 0.06 0.21 0.05 0.07],1
150,"[[0. 0. 0.]
 [0. 1. 0.]
 [0. 0. 0.]]",[0.08 0.35 0.1  0.2  0.   0.06 0.08 0.05 0.08],1
151,"[[ 0. -1.  0.]
 [ 0.  1.  0.]
 [ 0.  0.  0.]]",[0.16 0.   0.05 0.17 0.   0.1  0.1  0.26 0.16],1
152,"[[ 0. -1.  0.]
 [ 0.  1.  0.]
 [ 0.  1.  0.]]",[0.63 0.   0.04 0.11 0.   0.06 0.1  0.   0.06],1
153,"[[-1. -1.  0.]
 [ 0.  1.  0.]
 [ 0.  1.  0.]]",[0.   0.   0.31 0.2  0.   0.16 0.14 0.   0.19],1
154,"[[-1. -1.  1.]
 [ 0.  1.  0.]
 [ 0.  1.  0.]]",[0.   0.   0.   0.87 0.   0.07 0.04 0.   0.02],1
155,"[[-1. -1.  1.]
 [-1.  1.  0.]
 [ 0.  1.  0.]]",[0.   0.   0.   0.   0.   0.46 0.17 0.   0.37],1
156,"[[-1. -1.  1.]
 [-1.  1.  1.]
 [ 0.  1.  0.]]",[0.   0.   0.   0.   0.   0.   0.73 0.   0.27],1
157,"[[0. 0. 0.]
 [0. 0. 0.]
 [0. 0. 0.]]",[0.08 0.07 0.07 0.07 0.19 0.07 0.25 0.12 0.08],0
158,"[[0. 0. 0.]
 [0. 0. 0.]
 [1. 0. 0.]]",[0.44 0.08 0.07 0.05 0.08 0.12 0.   0.08 0.08],0
159,"[[-1.  0.  0.]
 [ 0.  0.  0.]
 [ 1.  0.  0.]]",[0.   0.27 0.07 0.1  0.08 0.21 0.   0.07 0.2 ],0
160,"[[-1.  1.  0.]
 [ 0.  0.  0.]
 [ 1.  0.  0.]]",[0.   0.   0.21 0.24 0.06 0.19 0.   0.13 0.17],0
161,"[[-1.  1.  0.]
 [-1.  0.  0.]
 [ 1.  0.  0.]]",[0.   0.   0.21 0.   0.13 0.25 0.   0.17 0.24],0
162,"[[-1.  1.  0.]
 [-1.  0.  1.]
 [ 1.  0.  0.]]",[0.   0.   0.02 0.   0.93 0.   0.   0.02 0.03],0
163,"[[-1.  1.  0.]
 [-1. -1.  1.]
 [ 1.  0.  0.]]",[0.   0.   0.22 0.   0.   0.   0.   0.32 0.46],0
164,"[[-1.  1.  0.]
 [-1. -1.  1.]
 [ 1.  0.  1.]]",[0.   0.   0.32 0.   0.   0.   0.   0.68 0.  ],0
165,"[[-1.  1.  0.]
 [-1. -1.  1.]
 [ 1. -1.  1.]]",[0. 0. 1. 0. 0. 0. 0. 0. 0.],0
166,"[[0. 0. 0.]
 [0. 0. 0.]
 [0. 0. 0.]]",[0.12 0.07 0.36 0.08 0.07 0.07 0.08 0.09 0.06],0
167,"[[0. 0. 1.]
 [0. 0. 0.]
 [0. 0. 0.]]",[0.08 0.08 0.   0.21 0.25 0.07 0.06 0.06 0.19],0
168,"[[ 0.  0.  1.]
 [ 0. -1.  0.]
 [ 0.  0.  0.]]",[0.07 0.06 0.   0.05 0.   0.19 0.3  0.17 0.16],0
169,"[[ 0.  0.  1.]
 [ 0. -1.  0.]
 [ 1.  0.  0.]]",[0.14 0.04 0.   0.06 0.   0.05 0.   0.67 0.04],0
170,"[[ 0.  0.  1.]
 [ 0. -1.  0.]
 [ 1. -1.  0.]]",[0.14 0.38 0.   0.15 0.   0.2  0.   0.   0.13],0
171,"[[ 0.  1.  1.]
 [ 0. -1.  0.]
 [ 1. -1.  0.]]",[0.05 0.   0.   0.05 0.   0.06 0.   0.   0.84],0
172,"[[ 0.  1.  1.]
 [ 0. -1.  0.]
 [ 1. -1. -1.]]",[0.26 0.   0.   0.37 0.   0.37 0.   0.   0.  ],0
173,"[[ 0.  1.  1.]
 [ 1. -1.  0.]
 [ 1. -1. -1.]]",[0.46 0.   0.   0.   0.   0.54 0.   0.   0.  ],0
174,"[[ 0.  1.  1.]
 [ 1. -1. -1.]
 [ 1. -1. -1.]]",[1. 0. 0. 0. 0. 0. 0. 0. 0.],0
175,"[[0. 0. 0.]
 [0. 0. 0.]
 [0. 0. 0.]]",[0.07 0.05 0.05 0.07 0.18 0.07 0.16 0.29 0.06],1
176,"[[0. 0. 0.]
 [0. 0. 0.]
 [0. 1. 0.]]",[0.08 0.1  0.08 0.14 0.08 0.08 0.23 0.   0.21],1
177,"[[ 0.  0.  0.]
 [ 0.  0.  0.]
 [-1.  1.  0.]]",[0.07 0.24 0.1  0.29 0.08 0.07 0.   0.   0.15],1
178,"[[ 0.  0.  0.]
 [ 1.  0.  0.]
 [-1.  1.  0.]]",[0.06 0.11 0.7  0.   0.03 0.06 0.   0.   0.04],1
179,"[[ 0.  0. -1.]
 [ 1.  0.  0.]
 [-1.  1.  0.]]",[0.16 0.16 0.   0.   0.3  0.22 0.   0.   0.16],1
180,"[[ 0.  0. -1.]
 [ 1.  1.  0.]
 [-1.  1.  0.]]",[0.94 0.02 0.   0.   0.   0.02 0.   0.   0.02],1
181,"[[-1.  0. -1.]
 [ 1.  1.  0.]
 [-1.  1.  0.]]",[0.   0.28 0.   0.   0.   0.26 0.   0.   0.46],1
182,"[[-1.  0. -1.]
 [ 1.  1.  0.]
 [-1.  1.  1.]]",[0.   0.68 0.   0.   0.   0.32 0.   0.   0.  ],1
183,"[[0. 0. 0.]
 [0. 0. 0.]
 [0. 0. 0.]]",[0.34 0.07 0.09 0.09 0.09 0.07 0.07 0.12 0.06],0
184,"[[1. 0. 0.]
 [0. 0. 0.]
 [0. 0. 0.]]",[0.   0.36 0.1  0.05 0.06 0.07 0.05 0.08 0.23],0
185,"[[ 1. -1.  0.]
 [ 0.  0.  0.]
 [ 0.  0.  0.]]",[0.   0.   0.3  0.15 0.06 0.05 0.1  0.27 0.07],0
186,"[[ 1. -1.  1.]
 [ 0.  0.  0.]
 [ 0.  0.  0.]]",[0.   0.   0.   0.06 0.16 0.05 0.07 0.44 0.22],0
187,"[[ 1. -1.  1.]
 [ 0.  0.  0.]
 [ 0. -1.  0.]]",[0.   0.   0.   0.17 0.4  0.13 0.16 0.   0.14],0
188,"[[ 1. -1.  1.]
 [ 0.  1.  0.]
 [ 0. -1.  0.]]",[0.   0.   0.   0.95 0.   0.01 0.02 0.   0.02],0
189,"[[ 1. -1.  1.]
 [-1.  1.  0.]
 [ 0. -1.  0.]]",[0.   0.   0.   0.   0.   0.34 0.37 0.   0.29],0
190,"[[0. 0. 0.]
 [0. 0. 0.]
 [0. 0. 0.]]",[0.06 0.06 0.28 0.06 0.07 0.06 0.06 0.17 0.18],0
191,"[[0. 0. 1.]
 [0. 0. 0.]
 [0. 0. 0.]]",[0.14 0.07 0.   0.31 0.05 0.16 0.12 0.07 0.08],0
192,"[[ 0.  0.  1.]
 [-1.  0.  0.]
 [ 0.  0.  0.]]",[0.07 0.08 0.   0.   0.17 0.1  0.14 0.26 0.18],0
193,"[[ 0.  0.  1.]
 [-1.  0.  0.]
 [ 0.  1.  0.]]",[0.68 0.06 0.   0.   0.09 0.06 0.05 0.   0.06],0
194,"[[-1.  0.  1.]
 [-1.  0.  0.]
 [ 0.  1.  0.]]",[0.   0.14 0.   0.   0.14 0.18 0.38 0.   0.16],0
195,"[[-1.  0.  1.]
 [-1.  0.  0.]
 [ 1.  1.  0.]]",[0.   0.62 0.   0.   0.02 0.34 0.   0.   0.02],0
196,"[[-1. -1.  1.]
 [-1.  0.  0.]
 [ 1.  1.  0.]]",[0.   0.   0.   0.   0.46 0.39 0.   0.   0.15],0
197,"[[0. 0. 0.]
 [0. 0. 0.]
 [0. 0. 0.]]",[0.05 0.07 0.04 0.14 0.05 0.36 0.14 0.06 0.09],1
198,"[[0. 0. 0.]
 [0. 0. 1.]
 [0. 0. 0.]]",[0.21 0.18 0.07 0.06 0.1  0.   0.06 0.26 0.06],1
199,"[[ 0.  0.  0.]
 [ 0.  0.  1.]
 [ 0. -1.  0.]]",[0.2  0.06 0.31 0.07 0.19 0.   0.06 0.   0.11],1
200,"[[ 0.  0.  1.]
 [ 0.  0.  1.]
 [ 0. -1.  0.]]",[0.05 0.05 0.   0.19 0.05 0.   0.57 0.   0.09],1
201,"[[ 0.  0.  1.]
 [ 0.  0.  1.]
 [-1. -1.  0.]]",[0.28 0.26 0.   0.23 0.19 0.   0.   0.   0.04],1
202,"[[ 1.  0.  1.]
 [ 0.  0.  1.]
 [-1. -1.  0.]]",[0.   0.02 0.   0.03 0.03 0.   0.   0.   0.92],1
203,"[[0. 0. 0.]
 [0. 0. 0.]
 [0. 0. 0.]]",[0.13 0.07 0.15 0.05 0.09 0.22 0.13 0.09 0.07],1
204,"[[0. 0. 0.]
 [0. 0. 1.]
 [0. 0. 0.]]",[0.19 0.1  0.07 0.06 0.06 0.   0.08 0.19 0.25],1
205,"[[ 0.  0.  0.]
 [ 0.  0.  1.]
 [ 0.  0. -1.]]",[0.28 0.07 0.05 0.16 0.17 0.   0.14 0.13 0.  ],1
206,"[[ 1.  0.  0.]
 [ 0.  0.  1.]
 [ 0.  0. -1.]]",[0.   0.07 0.21 0.24 0.3  0.   0.12 0.06 0.  ],1
207,"[[ 1.  0.  0.]
 [ 0. -1.  1.]
 [ 0.  0. -1.]]",[0.   0.2  0.06 0.16 0.   0.   0.16 0.42 0.  ],1
208,"[[ 1.  0.  0.]
 [ 0. -1.  1.]
 [ 0.  1. -1.]]",[0.   0.03 0.9  0.03 0.   0.   0.04 0.   0.  ],1
209,"[[ 1.  0. -1.]
 [ 0. -1.  1.]
 [ 0.  1. -1.]]",[0.   0.35 0.   0.34 0.   0.   0.31 0.   0.  ],1
210,"[[ 1.  1. -1.]
 [ 0. -1.  1.]
 [ 0.  1. -1.]]",[0.   0.   0.   0.07 0.   0.   0.93 0.   0.  ],1
211,"[[0. 0. 0.]
 [0. 0. 0.]
 [0. 0. 0.]]",[0.06 0.14 0.22 0.07 0.07 0.09 0.12 0.06 0.17],1
212,"[[0. 0. 1.]
 [0. 0. 0.]
 [0. 0. 0.]]",[0.09 0.06 0.   0.22 0.2  0.09 0.21 0.07 0.06],1
213,"[[ 0.  0.  1.]
 [-1.  0.  0.]
 [ 0.  0.  0.]]",[0.07 0.06 0.   0.   0.17 0.07 0.16 0.23 0.24],1
214,"[[ 0.  0.  1.]
 [-1.  0.  0.]
 [ 0.  0.  1.]]",[0.07 0.13 0.   0.   0.06 0.04 0.03 0.67 0.  ],1
215,"[[ 0.  0.  1.]
 [-1.  0.  0.]
 [ 0. -1.  1.]]",[0.19 0.22 0.   0.   0.26 0.07 0.26 0.   0.  ],1
216,"[[ 0.  0.  1.]
 [-1.  1.  0.]
 [ 0. -1.  1.]]",[0.02 0.43 0.   0.   0.   0.05 0.5  0.   0.  ],1
217,"[[ 0.  0.  1.]
 [-1.  1.  0.]
 [-1. -1.  1.]]",[0.19 0.55 0.   0.   0.   0.26 0.   0.   0.  ],1
218,"[[ 0.  1.  1.]
 [-1.  1.  0.]
 [-1. -1.  1.]]",[0.71 0.   0.   0.   0.   0.29 0.   0.   0.  ],1
219,"[[0. 0. 0.]
 [0. 0. 0.]
 [0. 0. 0.]]",[0.05 0.05 0.15 0.07 0.06 0.07 0.08 0.17 0.3 ],1
220,"[[0. 0. 0.]
 [0. 0. 0.]
 [0. 0. 1.]]",[0.22 0.12 0.13 0.06 0.23 0.1  0.07 0.07 0.  ],1
221,"[[ 0.  0.  0.]
 [ 0. -1.  0.]
 [ 0.  0.  1.]]",[0.17 0.32 0.07 0.26 0.   0.06 0.06 0.06 0.  ],1
222,"[[ 0.  1.  0.]
 [ 0. -1.  0.]
 [ 0.  0.  1.]]",[0.03 0.   0.06 0.03 0.   0.02 0.82 0.04 0.  ],1
223,"[[ 0.  1.  0.]
 [ 0. -1.  0.]
 [-1.  0.  1.]]",[0.14 0.   0.22 0.23 0.   0.18 0.   0.23 0.  ],1
224,"[[ 0.  1.  0.]
 [ 1. -1.  0.]
 [-1.  0.  1.]]",[0.01 0.   0.94 0.   0.   0.03 0.   0.02 0.  ],1
225,"[[0. 0. 0.]
 [0. 0. 0.]
 [0. 0. 0.]]",[0.21 0.06 0.04 0.2  0.06 0.15 0.17 0.05 0.06],0
226,"[[1. 0. 0.]
 [0. 0. 0.]
 [0. 0. 0.]]",[0.   0.05 0.06 0.21 0.06 0.2  0.28 0.08 0.06],0
227,"[[ 1.  0.  0.]
 [ 0.  0.  0.]
 [-1.  0.  0.]]",[0.   0.1  0.06 0.07 0.23 0.07 0.   0.27 0.2 ],0
228,"[[ 1.  0.  0.]
 [ 0.  0.  0.]
 [-1.  1.  0.]]",[0.   0.04 0.67 0.14 0.04 0.05 0.   0.   0.06],0
229,"[[ 1.  0. -1.]
 [ 0.  0.  0.]
 [-1.  1.  0.]]",[0.   0.14 0.   0.14 0.35 0.13 0.   0.   0.24],0
230,"[[ 1.  0. -1.]
 [ 0.  1.  0.]
 [-1.  1.  0.]]",[0.   0.02 0.   0.9  0.   0.05 0.   0.   0.03],0
231,"[[ 1.  0. -1.]
 [-1.  1.  0.]
 [-1.  1.  0.]]",[0.   0.21 0.   0.   0.   0.35 0.   0.   0.44],0
232,"[[0. 0. 0.]
 [0. 0. 0.]
 [0. 0. 0.]]",[0.33 0.07 0.07 0.18 0.09 0.06 0.05 0.09 0.06],1
233,"[[1. 0. 0.]
 [0. 0. 0.]
 [0. 0. 0.]]",[0.   0.08 0.21 0.25 0.06 0.22 0.05 0.07 0.06],1
234,"[[ 1.  0.  0.]
 [-1.  0.  0.]
 [ 0.  0.  0.]]",[0.   0.1  0.09 0.   0.21 0.06 0.07 0.31 0.16],1
235,"[[ 1.  0.  0.]
 [-1.  0.  0.]
 [ 0.  1.  0.]]",[0.   0.05 0.06 0.   0.28 0.38 0.17 0.   0.06],1
236,"[[ 1.  0.  0.]
 [-1.  0. -1.]
 [ 0.  1.  0.]]",[0.   0.16 0.12 0.   0.39 0.   0.12 0.   0.21],1
237,"[[ 1.  0.  0.]
 [-1.  1. -1.]
 [ 0.  1.  0.]]",[0.   0.02 0.92 0.   0.   0.   0.03 0.   0.03],1
238,"[[ 1.  0. -1.]
 [-1.  1. -1.]
 [ 0.  1.  0.]]",[0.   0.29 0.   0.   0.   0.   0.41 0.   0.3 ],1
239,"[[ 1.  0. -1.]
 [-1.  1. -1.]
 [ 1.  1.  0.]]",[0.   0.47 0.   0.   0.   0.   0.   0.   0.53],1
240,"[[0. 0. 0.]
 [0. 0. 0.]
 [0. 0. 0.]]",[0.07 0.23 0.15 0.08 0.15 0.13 0.06 0.07 0.06],0
241,"[[0. 1. 0.]
 [0. 0. 0.]
 [0. 0. 0.]]",[0.07 0.   0.05 0.15 0.24 0.06 0.08 0.28 0.07],0
242,"[[ 0.  1.  0.]
 [ 0.  0.  0.]
 [ 0. -1.  0.]]",[0.08 0.   0.06 0.28 0.1  0.07 0.36 0.   0.05],0
243,"[[ 0.  1.  0.]
 [ 0.  0.  0.]
 [ 1. -1.  0.]]",[0.05 0.   0.28 0.19 0.3  0.05 0.   0.   0.13],0
244,"[[ 0.  1.  0.]
 [ 0. -1.  0.]
 [ 1. -1.  0.]]",[0.09 0.   0.21 0.14 0.   0.25 0.   0.   0.31],0
245,"[[ 0.  1.  0.]
 [ 0. -1.  0.]
 [ 1. -1.  1.]]",[0.12 0.   0.04 0.81 0.   0.03 0.   0.   0.  ],0
246,"[[ 0.  1.  0.]
 [-1. -1.  0.]
 [ 1. -1.  1.]]",[0.27 0.   0.33 0.   0.   0.4  0.   0.   0.  ],0
247,"[[ 0.  1.  0.]
 [-1. -1.  1.]
 [ 1. -1.  1.]]",[0.96 0.   0.04 0.   0.   0.   0.   0.   0.  ],0
248,"[[-1.  1.  0.]
 [-1. -1.  1.]
 [ 1. -1.  1.]]",[0. 0. 1. 0. 0. 0. 0. 0. 0.],0
249,"[[0. 0. 0.]
 [0. 0. 0.]
 [0. 0. 0.]]",[0.09 0.09 0.07 0.08 0.37 0.08 0.09 0.06 0.07],0
250,"[[0. 0. 0.]
 [0. 1. 0.]
 [0. 0. 0.]]",[0.26 0.07 0.04 0.23 0.   0.17 0.05 0.12 0.06],0
251,"[[-1.  0.  0.]
 [ 0.  1.  0.]
 [ 0.  0.  0.]]",[0.   0.34 0.07 0.14 0.   0.1  0.09 0.08 0.18],0
252,"[[-1.  1.  0.]
 [ 0.  1.  0.]
 [ 0.  0.  0.]]",[0.   0.   0.04 0.04 0.   0.09 0.74 0.05 0.04],0
253,"[[-1.  1.  0.]
 [ 0.  1.  0.]
 [-1.  0.  0.]]",[0.   0.   0.15 0.42 0.   0.16 0.   0.13 0.14],0
254,"[[-1.  1.  0.]
 [ 1.  1.  0.]
 [-1.  0.  0.]]",[0.   0.   0.94 0.   0.   0.02 0.   0.02 0.02],0
255,"[[-1.  1. -1.]
 [ 1.  1.  0.]
 [-1.  0.  0.]]",[0.   0.   0.   0.   0.   0.27 0.   0.3  0.43],0
256,"[[-1.  1. -1.]
 [ 1.  1.  0.]
 [-1.  0.  1.]]",[0.   0.   0.   0.   0.   0.66 0.   0.34 0.  ],0
257,"[[-1.  1. -1.]
 [ 1.  1. -1.]
 [-1.  0.  1.]]",[0. 0. 0. 0. 0. 0. 0. 1. 0.],0
258,"[[0. 0. 0.]
 [0. 0. 0.]
 [0. 0. 0.]]",[0.12 0.4  0.06 0.05 0.06 0.07 0.08 0.09 0.07],1
259,"[[0. 1. 0.]
 [0. 0. 0.]
 [0. 0. 0.]]",[0.06 0.   0.08 0.06 0.22 0.1  0.05 0.28 0.15],1
260,"[[ 0.  1.  0.]
 [ 0.  0.  0.]
 [ 0. -1.  0.]]",[0.07 0.   0.1  0.06 0.29 0.34 0.07 0.   0.07],1
261,"[[ 0.  1.  0.]
 [ 0.  0.  1.]
 [ 0. -1.  0.]]",[0.3  0.   0.22 0.22 0.05 0.   0.11 0.   0.1 ],1
262,"[[-1.  1.  0.]
 [ 0.  0.  1.]
 [ 0. -1.  0.]]",[0.   0.   0.16 0.17 0.19 0.   0.24 0.   0.24],1
263,"[[-1.  1.  0.]
 [ 0.  0.  1.]
 [ 1. -1.  0.]]",[0.   0.   0.02 0.03 0.03 0.   0.   0.   0.92],1
264,"[[-1.  1.  0.]
 [ 0.  0.  1.]
 [ 1. -1. -1.]]",[0.   0.   0.42 0.29 0.29 0.   0.   0.   0.  ],1
265,"[[-1.  1.  1.]
 [ 0.  0.  1.]
 [ 1. -1. -1.]]",[0.   0.   0.   0.35 0.65 0.   0.   0.   0.  ],1
266,"[[0. 0. 0.]
 [0. 0. 0.]
 [0. 0. 0.]]",[0.15 0.14 0.06 0.16 0.06 0.07 0.06 0.09 0.21],0
267,"[[0. 0. 0.]
 [0. 0. 0.]
 [0. 0. 1.]]",[0.06 0.08 0.3  0.12 0.08 0.07 0.05 0.24 0.  ],0
268,"[[ 0.  0. -1.]
 [ 0.  0.  0.]
 [ 0.  0.  1.]]",[0.07 0.07 0.   0.31 0.12 0.25 0.12 0.06 0.  ],0
269,"[[ 0.  0. -1.]
 [ 1.  0.  0.]
 [ 0.  0.  1.]]",[0.31 0.05 0.   0.   0.06 0.05 0.49 0.04 0.  ],0
270,"[[ 0.  0. -1.]
 [ 1.  0.  0.]
 [-1.  0.  1.]]",[0.16 0.17 0.   0.   0.34 0.15 0.   0.18 0.  ],0
271,"[[ 0.  0. -1.]
 [ 1.  1.  0.]
 [-1.  0.  1.]]",[0.04 0.06 0.   0.   0.   0.03 0.   0.87 0.  ],0
272,"[[ 0.  0. -1.]
 [ 1.  1.  0.]
 [-1. -1.  1.]]",[0.25 0.48 0.   0.   0.   0.27 0.   0.   0.  ],0
273,"[[ 0.  1. -1.]
 [ 1.  1.  0.]
 [-1. -1.  1.]]",[0.3 0.  0.  0.  0.  0.7 0.  0.  0. ],0
274,"[[ 0.  1. -1.]
 [ 1.  1. -1.]
 [-1. -1.  1.]]",[1. 0. 0. 0. 0. 0. 0. 0. 0.],0
275,"[[0. 0. 0.]
 [0. 0. 0.]
 [0. 0. 0.]]",[0.05 0.16 0.04 0.09 0.39 0.07 0.06 0.08 0.06],1
276,"[[0. 0. 0.]
 [0. 1. 0.]
 [0. 0. 0.]]",[0.16 0.19 0.07 0.1  0.   0.07 0.12 0.21 0.08],1
277,"[[ 0.  0.  0.]
 [ 0.  1.  0.]
 [ 0. -1.  0.]]",[0.11 0.27 0.21 0.16 0.   0.06 0.11 0.   0.08],1
278,"[[ 0.  1.  0.]
 [ 0.  1.  0.]
 [ 0. -1.  0.]]",[0.06 0.   0.06 0.12 0.   0.16 0.05 0.   0.55],1
279,"[[ 0.  1.  0.]
 [ 0.  1.  0.]
 [ 0. -1. -1.]]",[0.15 0.   0.11 0.17 0.   0.14 0.43 0.   0.  ],1
280,"[[ 0.  1.  0.]
 [ 0.  1.  0.]
 [ 1. -1. -1.]]",[0.04 0.   0.02 0.06 0.   0.88 0.   0.   0.  ],1
281,"[[ 0.  1.  0.]
 [ 0.  1. -1.]
 [ 1. -1. -1.]]",[0.54 0.   0.11 0.35 0.   0.   0.   0.   0.  ],1
282,"[[ 1.  1.  0.]
 [ 0.  1. -1.]
 [ 1. -1. -1.]]",[0.   0.   0.63 0.37 0.   0.   0.   0.   0.  ],1
283,"[[0. 0. 0.]
 [0. 0. 0.]
 [0. 0. 0.]]",[0.17 0.08 0.08 0.17 0.07 0.08 0.23 0.05 0.07],0
284,"[[0. 0. 0.]
 [0. 0. 0.]
 [1. 0. 0.]]",[0.14 0.39 0.07 0.05 0.08 0.07 0.   0.08 0.12],0
285,"[[ 0. -1.  0.]
 [ 0.  0.  0.]
 [ 1.  0.  0.]]",[0.16 0.   0.14 0.11 0.16 0.08 0.   0.07 0.28],0
286,"[[ 0. -1.  0.]
 [ 0.  0.  0.]
 [ 1.  0.  1.]]",[0.05 0.   0.7  0.15 0.03 0.03 0.   0.04 0.  ],0
287,"[[ 0. -1. -1.]
 [ 0.  0.  0.]
 [ 1.  0.  1.]]",[0.29 0.   0.   0.2  0.18 0.18 0.   0.15 0.  ],0
288,"[[ 1. -1. -1.]
 [ 0.  0.  0.]
 [ 1.  0.  1.]]",[0.   0.   0.   0.49 0.05 0.41 0.   0.05 0.  ],0
289,"[[ 1. -1. -1.]
 [-1.  0.  0.]
 [ 1.  0.  1.]]",[0.   0.   0.   0.   0.21 0.6  0.   0.19 0.  ],0
290,"[[ 1. -1. -1.]
 [-1.  0.  1.]
 [ 1.  0.  1.]]",[0.   0.   0.   0.   0.69 0.   0.   0.31 0.  ],0
291,"[[ 1. -1. -1.]
 [-1. -1.  1.]
 [ 1.  0.  1.]]",[0. 0. 0. 0. 0. 0. 0. 1. 0.],0
292,"[[0. 0. 0.]
 [0. 0. 0.]
 [0. 0. 0.]]",[0.07 0.28 0.08 0.07 0.07 0.24 0.05 0.09 0.05],0
293,"[[0. 1. 0.]
 [0. 0. 0.]
 [0. 0. 0.]]",[0.21 0.   0.12 0.08 0.14 0.07 0.16 0.17 0.05],0
294,"[[-1.  1.  0.]
 [ 0.  0.  0.]
 [ 0.  0.  0.]]",[0.   0.   0.13 0.06 0.07 0.18 0.37 0.13 0.06],0
295,"[[-1.  1.  0.]
 [ 0.  0.  0.]
 [ 1.  0.  0.]]",[0.   0.   0.04 0.32 0.23 0.14 0.   0.18 0.09],0
296,"[[-1.  1.  0.]
 [-1.  0.  0.]
 [ 1.  0.  0.]]",[0.   0.   0.21 0.   0.13 0.31 0.   0.13 0.22],0
297,"[[-1.  1.  0.]
 [-1.  0.  1.]
 [ 1.  0.  0.]]",[0.   0.   0.04 0.   0.89 0.   0.   0.04 0.03],0
298,"[[-1.  1.  0.]
 [-1. -1.  1.]
 [ 1.  0.  0.]]",[0.   0.   0.34 0.   0.   0.   0.   0.31 0.35],0
299,"[[-1.  1.  0.]
 [-1. -1.  1.]
 [ 1.  0.  1.]]",[0.   0.   0.52 0.   0.   0.   0.   0.48 0.  ],0
300,"[[-1.  1. -1.]
 [-1. -1.  1.]
 [ 1.  0.  1.]]",[0. 0. 0. 0. 0. 0. 0. 1. 0.],0
301,"[[0. 0. 0.]
 [0. 0. 0.]
 [0. 0. 0.]]",[0.07 0.2  0.08 0.08 0.08 0.06 0.29 0.07 0.07],0
302,"[[0. 0. 0.]
 [0. 0. 0.]
 [1. 0. 0.]]",[0.08 0.05 0.13 0.3  0.07 0.1  0.   0.05 0.22],0
303,"[[ 0.  0.  0.]
 [-1.  0.  0.]
 [ 1.  0.  0.]]",[0.25 0.32 0.04 0.   0.06 0.13 0.   0.05 0.15],0
304,"[[ 0.  1.  0.]
 [-1.  0.  0.]
 [ 1.  0.  0.]]",[0.07 0.   0.05 0.   0.43 0.06 0.   0.34 0.05],0
305,"[[ 0.  1.  0.]
 [-1. -1.  0.]
 [ 1.  0.  0.]]",[0.11 0.   0.13 0.   0.   0.5  0.   0.12 0.14],0
306,"[[ 0.  1.  0.]
 [-1. -1.  1.]
 [ 1.  0.  0.]]",[0.04 0.   0.04 0.   0.   0.   0.   0.04 0.88],0
307,"[[ 0.  1.  0.]
 [-1. -1.  1.]
 [ 1.  0. -1.]]",[0.35 0.   0.31 0.   0.   0.   0.   0.34 0.  ],0
308,"[[ 1.  1.  0.]
 [-1. -1.  1.]
 [ 1.  0. -1.]]",[0.   0.   0.01 0.   0.   0.   0.   0.99 0.  ],0
309,"[[ 1.  1.  0.]
 [-1. -1.  1.]
 [ 1. -1. -1.]]",[0. 0. 1. 0. 0. 0. 0. 0. 0.],0
310,"[[0. 0. 0.]
 [0. 0. 0.]
 [0. 0. 0.]]",[0.08 0.06 0.05 0.05 0.07 0.12 0.15 0.2  0.22],0
311,"[[0. 0. 0.]
 [0. 0. 0.]
 [0. 0. 1.]]",[0.26 0.16 0.06 0.07 0.26 0.06 0.06 0.07 0.  ],0
312,"[[-1.  0.  0.]
 [ 0.  0.  0.]
 [ 0.  0.  1.]]",[0.   0.06 0.09 0.06 0.33 0.1  0.07 0.29 0.  ],0
313,"[[-1.  0.  0.]
 [ 0.  1.  0.]
 [ 0.  0.  1.]]",[0.   0.06 0.06 0.04 0.   0.06 0.74 0.04 0.  ],0
314,"[[-1.  0.  0.]
 [ 0.  1.  0.]
 [-1.  0.  1.]]",[0.   0.15 0.2  0.36 0.   0.15 0.   0.14 0.  ],0
315,"[[-1.  0.  0.]
 [ 1.  1.  0.]
 [-1.  0.  1.]]",[0.   0.02 0.93 0.   0.   0.02 0.   0.03 0.  ],0
316,"[[-1.  0. -1.]
 [ 1.  1.  0.]
 [-1.  0.  1.]]",[0.   0.45 0.   0.   0.   0.21 0.   0.34 0.  ],0
317,"[[-1.  1. -1.]
 [ 1.  1.  0.]
 [-1.  0.  1.]]",[0.   0.   0.   0.   0.   0.65 0.   0.35 0.  ],0
318,"[[-1.  1. -1.]
 [ 1.  1. -1.]
 [-1.  0.  1.]]",[0. 0. 0. 0. 0. 0. 0. 1. 0.],0
319,"[[0. 0. 0.]
 [0. 0. 0.]
 [0. 0. 0.]]",[0.08 0.05 0.05 0.28 0.07 0.14 0.07 0.09 0.17],0
320,"[[0. 0. 0.]
 [1. 0. 0.]
 [0. 0. 0.]]",[0.16 0.15 0.21 0.   0.06 0.19 0.07 0.08 0.08],0
321,"[[ 0.  0. -1.]
 [ 1.  0.  0.]
 [ 0.  0.  0.]]",[0.19 0.26 0.   0.   0.06 0.05 0.08 0.12 0.24],0
322,"[[ 0.  1. -1.]
 [ 1.  0.  0.]
 [ 0.  0.  0.]]",[0.14 0.   0.   0.   0.09 0.3  0.07 0.35 0.05],0
323,"[[ 0.  1. -1.]
 [ 1.  0.  0.]
 [ 0. -1.  0.]]",[0.16 0.   0.   0.   0.24 0.22 0.11 0.   0.27],0
324,"[[ 0.  1. -1.]
 [ 1.  0.  0.]
 [ 0. -1.  1.]]",[0.04 0.   0.   0.   0.04 0.88 0.04 0.   0.  ],0
325,"[[ 0.  1. -1.]
 [ 1.  0. -1.]
 [ 0. -1.  1.]]",[0.26 0.   0.   0.   0.37 0.   0.37 0.   0.  ],0
326,"[[ 0.  1. -1.]
 [ 1.  1. -1.]
 [ 0. -1.  1.]]",[0.02 0.   0.   0.   0.   0.   0.98 0.   0.  ],0
327,"[[ 0.  1. -1.]
 [ 1.  1. -1.]
 [-1. -1.  1.]]",[1. 0. 0. 0. 0. 0. 0. 0. 0.],0
328,"[[0. 0. 0.]
 [0. 0. 0.]
 [0. 0. 0.]]",[0.06 0.27 0.06 0.07 0.09 0.06 0.08 0.11 0.2 ],0
329,"[[0. 1. 0.]
 [0. 0. 0.]
 [0. 0. 0.]]",[0.08 0.   0.06 0.08 0.42 0.1  0.08 0.1  0.08],0
330,"[[ 0.  1.  0.]
 [ 0. -1.  0.]
 [ 0.  0.  0.]]",[0.06 0.   0.06 0.07 0.   0.23 0.05 0.2  0.33],0
331,"[[ 0.  1.  0.]
 [ 0. -1.  0.]
 [ 0.  0.  1.]]",[0.06 0.   0.04 0.8  0.   0.03 0.03 0.04 0.  ],0
332,"[[ 0.  1.  0.]
 [-1. -1.  0.]
 [ 0.  0.  1.]]",[0.18 0.   0.14 0.   0.   0.4  0.16 0.12 0.  ],0
333,"[[ 0.  1.  0.]
 [-1. -1.  1.]
 [ 0.  0.  1.]]",[0.04 0.   0.03 0.   0.   0.   0.04 0.89 0.  ],0
334,"[[ 0.  1.  0.]
 [-1. -1.  1.]
 [ 0. -1.  1.]]",[0.37 0.   0.25 0.   0.   0.   0.38 0.   0.  ],0
335,"[[ 0.  1.  0.]
 [-1. -1.  1.]
 [ 1. -1.  1.]]",[0.96 0.   0.04 0.   0.   0.   0.   0.   0.  ],0
336,"[[-1.  1.  0.]
 [-1. -1.  1.]
 [ 1. -1.  1.]]",[0. 0. 1. 0. 0. 0. 0. 0. 0.],0
337,"[[0. 0. 0.]
 [0. 0. 0.]
 [0. 0. 0.]]",[0.07 0.07 0.23 0.08 0.08 0.09 0.09 0.06 0.23],1
338,"[[0. 0. 1.]
 [0. 0. 0.]
 [0. 0. 0.]]",[0.29 0.07 0.   0.05 0.08 0.05 0.05 0.06 0.35],1
339,"[[ 0.  0.  1.]
 [ 0.  0.  0.]
 [ 0.  0. -1.]]",[0.08 0.09 0.   0.28 0.15 0.06 0.22 0.12 0.  ],1
340,"[[ 0.  0.  1.]
 [ 1.  0.  0.]
 [ 0.  0. -1.]]",[0.06 0.11 0.   0.   0.54 0.04 0.2  0.05 0.  ],1
341,"[[ 0.  0.  1.]
 [ 1. -1.  0.]
 [ 0.  0. -1.]]",[0.34 0.16 0.   0.   0.   0.17 0.17 0.16 0.  ],1
342,"[[ 1.  0.  1.]
 [ 1. -1.  0.]
 [ 0.  0. -1.]]",[0.   0.02 0.   0.   0.   0.06 0.07 0.85 0.  ],1
343,"[[ 1.  0.  1.]
 [ 1. -1.  0.]
 [ 0. -1. -1.]]",[0.   0.16 0.   0.   0.   0.6  0.24 0.   0.  ],1
344,"[[ 1.  0.  1.]
 [ 1. -1.  1.]
 [ 0. -1. -1.]]",[0.   0.58 0.   0.   0.   0.   0.42 0.   0.  ],1
345,"[[0. 0. 0.]
 [0. 0. 0.]
 [0. 0. 0.]]",[0.31 0.07 0.05 0.06 0.14 0.07 0.09 0.16 0.05],1
346,"[[1. 0. 0.]
 [0. 0. 0.]
 [0. 0. 0.]]",[0.   0.18 0.09 0.08 0.33 0.14 0.05 0.05 0.08],1
347,"[[ 1.  0.  0.]
 [ 0. -1.  0.]
 [ 0.  0.  0.]]",[0.   0.08 0.06 0.17 0.   0.05 0.06 0.25 0.33],1
348,"[[ 1.  0.  0.]
 [ 0. -1.  0.]
 [ 0.  0.  1.]]",[0.   0.04 0.02 0.82 0.   0.06 0.03 0.03 0.  ],1
349,"[[ 1.  0.  0.]
 [-1. -1.  0.]
 [ 0.  0.  1.]]",[0.   0.14 0.14 0.   0.   0.38 0.2  0.14 0.  ],1
350,"[[ 1.  0.  0.]
 [-1. -1.  1.]
 [ 0.  0.  1.]]",[0.   0.07 0.03 0.   0.   0.   0.88 0.02 0.  ],1
351,"[[ 1.  0.  0.]
 [-1. -1.  1.]
 [-1.  0.  1.]]",[0.   0.3  0.29 0.   0.   0.   0.   0.41 0.  ],1
352,"[[ 1.  0.  0.]
 [-1. -1.  1.]
 [-1.  1.  1.]]",[0.  0.3 0.7 0.  0.  0.  0.  0.  0. ],1
353,"[[0. 0. 0.]
 [0. 0. 0.]
 [0. 0. 0.]]",[0.17 0.33 0.05 0.11 0.06 0.07 0.06 0.08 0.07],0
354,"[[0. 1. 0.]
 [0. 0. 0.]
 [0. 0. 0.]]",[0.06 0.   0.07 0.06 0.05 0.06 0.12 0.46 0.12],0
355,"[[ 0.  1.  0.]
 [ 0.  0.  0.]
 [ 0. -1.  0.]]",[0.07 0.   0.06 0.3  0.11 0.06 0.05 0.   0.35],0
356,"[[ 0.  1.  0.]
 [ 0.  0.  0.]
 [ 0. -1.  1.]]",[0.07 0.   0.26 0.22 0.06 0.33 0.06 0.   0.  ],0
357,"[[ 0.  1.  0.]
 [ 0.  0. -1.]
 [ 0. -1.  1.]]",[0.14 0.   0.24 0.27 0.09 0.   0.26 0.   0.  ],0
358,"[[ 0.  1.  0.]
 [ 1.  0. -1.]
 [ 0. -1.  1.]]",[0.03 0.   0.89 0.   0.04 0.   0.04 0.   0.  ],0
359,"[[ 0.  1. -1.]
 [ 1.  0. -1.]
 [ 0. -1.  1.]]",[0.37 0.   0.   0.   0.39 0.   0.24 0.   0.  ],0
360,"[[ 0.  1. -1.]
 [ 1.  1. -1.]
 [ 0. -1.  1.]]",[0.03 0.   0.   0.   0.   0.   0.97 0.   0.  ],0
361,"[[ 0.  1. -1.]
 [ 1.  1. -1.]
 [-1. -1.  1.]]",[1. 0. 0. 0. 0. 0. 0. 0. 0.],0
362,"[[0. 0. 0.]
 [0. 0. 0.]
 [0. 0. 0.]]",[0.08 0.08 0.06 0.25 0.13 0.08 0.06 0.19 0.07],0
363,"[[0. 0. 0.]
 [1. 0. 0.]
 [0. 0. 0.]]",[0.06 0.06 0.11 0.   0.07 0.08 0.08 0.48 0.06],0
364,"[[ 0.  0.  0.]
 [ 1.  0.  0.]
 [ 0. -1.  0.]]",[0.06 0.07 0.3  0.   0.05 0.2  0.06 0.   0.26],0
365,"[[ 0.  0.  1.]
 [ 1.  0.  0.]
 [ 0. -1.  0.]]",[0.19 0.63 0.   0.   0.05 0.04 0.04 0.   0.05],0
366,"[[ 0. -1.  1.]
 [ 1.  0.  0.]
 [ 0. -1.  0.]]",[0.19 0.   0.   0.   0.34 0.15 0.16 0.   0.16],0
367,"[[ 0. -1.  1.]
 [ 1.  1.  0.]
 [ 0. -1.  0.]]",[0.76 0.   0.   0.   0.   0.04 0.04 0.   0.16],0
368,"[[-1. -1.  1.]
 [ 1.  1.  0.]
 [ 0. -1.  0.]]",[0.   0.   0.   0.   0.   0.21 0.36 0.   0.43],0
369,"[[-1. -1.  1.]
 [ 1.  1.  0.]
 [ 0. -1.  1.]]",[0.   0.   0.   0.   0.   0.01 0.99 0.   0.  ],0
370,"[[-1. -1.  1.]
 [ 1.  1.  0.]
 [-1. -1.  1.]]",[0. 0. 0. 0. 0. 1. 0. 0. 0.],0
371,"[[0. 0. 0.]
 [0. 0. 0.]
 [0. 0. 0.]]",[0.06 0.08 0.04 0.29 0.08 0.05 0.23 0.12 0.05],0
372,"[[0. 0. 0.]
 [1. 0. 0.]
 [0. 0. 0.]]",[0.13 0.15 0.07 0.   0.06 0.18 0.16 0.08 0.17],0
373,"[[ 0.  0.  0.]
 [ 1.  0. -1.]
 [ 0.  0.  0.]]",[0.06 0.05 0.22 0.   0.24 0.   0.08 0.14 0.21],0
374,"[[ 0.  0.  0.]
 [ 1.  1. -1.]
 [ 0.  0.  0.]]",[0.06 0.06 0.16 0.   0.   0.   0.11 0.05 0.56],0
375,"[[ 0.  0.  0.]
 [ 1.  1. -1.]
 [ 0.  0. -1.]]",[0.13 0.17 0.39 0.   0.   0.   0.17 0.14 0.  ],0
376,"[[ 0.  0.  1.]
 [ 1.  1. -1.]
 [ 0.  0. -1.]]",[0.93 0.02 0.   0.   0.   0.   0.02 0.03 0.  ],0
377,"[[-1.  0.  1.]
 [ 1.  1. -1.]
 [ 0.  0. -1.]]",[0.   0.41 0.   0.   0.   0.   0.18 0.41 0.  ],0
378,"[[-1.  1.  1.]
 [ 1.  1. -1.]
 [ 0.  0. -1.]]",[0.   0.   0.   0.   0.   0.   0.23 0.77 0.  ],0
379,"[[-1.  1.  1.]
 [ 1.  1. -1.]
 [ 0. -1. -1.]]",[0. 0. 0. 0. 0. 0. 1. 0. 0.],0
380,"[[0. 0. 0.]
 [0. 0. 0.]
 [0. 0. 0.]]",[0.31 0.06 0.06 0.05 0.24 0.07 0.07 0.08 0.06],1
381,"[[1. 0. 0.]
 [0. 0. 0.]
 [0. 0. 0.]]",[0.   0.31 0.06 0.09 0.06 0.1  0.07 0.24 0.07],1
382,"[[ 1. -1.  0.]
 [ 0.  0.  0.]
 [ 0.  0.  0.]]",[0.   0.   0.06 0.06 0.22 0.26 0.06 0.27 0.07],1
383,"[[ 1. -1.  0.]
 [ 0.  0.  0.]
 [ 0.  1.  0.]]",[0.   0.   0.14 0.06 0.12 0.35 0.25 0.   0.08],1
384,"[[ 1. -1.  0.]
 [ 0.  0. -1.]
 [ 0.  1.  0.]]",[0.   0.   0.34 0.21 0.2  0.   0.13 0.   0.12],1
385,"[[ 1. -1.  1.]
 [ 0.  0. -1.]
 [ 0.  1.  0.]]",[0.   0.   0.   0.03 0.88 0.   0.02 0.   0.07],1
386,"[[ 1. -1.  1.]
 [ 0. -1. -1.]
 [ 0.  1.  0.]]",[0.   0.   0.   0.34 0.   0.   0.38 0.   0.28],1
387,"[[ 1. -1.  1.]
 [ 0. -1. -1.]
 [ 1.  1.  0.]]",[0.   0.   0.   0.78 0.   0.   0.   0.   0.22],1
388,"[[0. 0. 0.]
 [0. 0. 0.]
 [0. 0. 0.]]",[0.08 0.06 0.13 0.2  0.07 0.19 0.05 0.07 0.15],0
389,"[[0. 0. 0.]
 [1. 0. 0.]
 [0. 0. 0.]]",[0.19 0.07 0.07 0.   0.2  0.25 0.08 0.06 0.08],0
390,"[[ 0.  0.  0.]
 [ 1.  0. -1.]
 [ 0.  0.  0.]]",[0.05 0.18 0.32 0.   0.16 0.   0.06 0.16 0.07],0
391,"[[ 0.  0.  1.]
 [ 1.  0. -1.]
 [ 0.  0.  0.]]",[0.22 0.06 0.   0.   0.1  0.   0.23 0.26 0.13],0
392,"[[ 0.  0.  1.]
 [ 1.  0. -1.]
 [ 0. -1.  0.]]",[0.13 0.2  0.   0.   0.24 0.   0.15 0.   0.28],0
393,"[[ 0.  0.  1.]
 [ 1.  0. -1.]
 [ 0. -1.  1.]]",[0.03 0.03 0.   0.   0.03 0.   0.91 0.   0.  ],0
394,"[[ 0.  0.  1.]
 [ 1.  0. -1.]
 [-1. -1.  1.]]",[0.25 0.34 0.   0.   0.41 0.   0.   0.   0.  ],0
395,"[[ 0.  0.  1.]
 [ 1.  1. -1.]
 [-1. -1.  1.]]",[0.04 0.96 0.   0.   0.   0.   0.   0.   0.  ],0
396,"[[ 0. -1.  1.]
 [ 1.  1. -1.]
 [-1. -1.  1.]]",[1. 0. 0. 0. 0. 0. 0. 0. 0.],0
397,"[[0. 0. 0.]
 [0. 0. 0.]
 [0. 0. 0.]]",[0.05 0.09 0.05 0.09 0.16 0.06 0.2  0.24 0.06],0
398,"[[0. 0. 0.]
 [0. 0. 0.]
 [0. 1. 0.]]",[0.23 0.08 0.08 0.08 0.07 0.32 0.07 0.   0.07],0
399,"[[ 0.  0.  0.]
 [ 0.  0. -1.]
 [ 0.  1.  0.]]",[0.21 0.07 0.06 0.2  0.09 0.   0.14 0.   0.23],0
400,"[[ 0.  0.  0.]
 [ 0.  0. -1.]
 [ 0.  1.  1.]]",[0.27 0.19 0.13 0.11 0.24 0.   0.06 0.   0.  ],0
401,"[[-1.  0.  0.]
 [ 0.  0. -1.]
 [ 0.  1.  1.]]",[0.   0.2  0.22 0.39 0.15 0.   0.04 0.   0.  ],0
402,"[[-1.  0.  0.]
 [ 1.  0. -1.]
 [ 0.  1.  1.]]",[0.   0.91 0.02 0.   0.03 0.   0.04 0.   0.  ],0
403,"[[-1. -1.  0.]
 [ 1.  0. -1.]
 [ 0.  1.  1.]]",[0.   0.   0.45 0.   0.34 0.   0.21 0.   0.  ],0
404,"[[-1. -1.  1.]
 [ 1.  0. -1.]
 [ 0.  1.  1.]]",[0.   0.   0.   0.   0.97 0.   0.03 0.   0.  ],0
405,"[[-1. -1.  1.]
 [ 1. -1. -1.]
 [ 0.  1.  1.]]",[0. 0. 0. 0. 0. 0. 1. 0. 0.],0
406,"[[0. 0. 0.]
 [0. 0. 0.]
 [0. 0. 0.]]",[0.09 0.06 0.14 0.08 0.07 0.07 0.12 0.09 0.28],0
407,"[[0. 0. 0.]
 [0. 0. 0.]
 [0. 0. 1.]]",[0.23 0.06 0.08 0.07 0.06 0.25 0.08 0.17 0.  ],0
408,"[[ 0.  0.  0.]
 [ 0.  0. -1.]
 [ 0.  0.  1.]]",[0.13 0.06 0.05 0.32 0.08 0.   0.25 0.11 0.  ],0
409,"[[ 0.  0.  0.]
 [ 1.  0. -1.]
 [ 0.  0.  1.]]",[0.1  0.22 0.18 0.   0.31 0.   0.11 0.08 0.  ],0
410,"[[ 0.  0.  0.]
 [ 1. -1. -1.]
 [ 0.  0.  1.]]",[0.16 0.16 0.31 0.   0.   0.   0.15 0.22 0.  ],0
411,"[[ 0.  0.  1.]
 [ 1. -1. -1.]
 [ 0.  0.  1.]]",[0.19 0.09 0.   0.   0.   0.   0.18 0.54 0.  ],0
412,"[[ 0.  0.  1.]
 [ 1. -1. -1.]
 [ 0. -1.  1.]]",[0.33 0.39 0.   0.   0.   0.   0.28 0.   0.  ],0
413,"[[ 0.  1.  1.]
 [ 1. -1. -1.]
 [ 0. -1.  1.]]",[0.02 0.   0.   0.   0.   0.   0.98 0.   0.  ],0
414,"[[ 0.  1.  1.]
 [ 1. -1. -1.]
 [-1. -1.  1.]]",[1. 0. 0. 0. 0. 0. 0. 0. 0.],0
415,"[[0. 0. 0.]
 [0. 0. 0.]
 [0. 0. 0.]]",[0.09 0.39 0.07 0.09 0.09 0.05 0.08 0.08 0.06],0
416,"[[0. 1. 0.]
 [0. 0. 0.]
 [0. 0. 0.]]",[0.07 0.   0.27 0.15 0.16 0.12 0.07 0.08 0.08],0
417,"[[ 0.  1. -1.]
 [ 0.  0.  0.]
 [ 0.  0.  0.]]",[0.28 0.   0.   0.05 0.09 0.23 0.04 0.13 0.18],0
418,"[[ 1.  1. -1.]
 [ 0.  0.  0.]
 [ 0.  0.  0.]]",[0.   0.   0.   0.15 0.04 0.04 0.47 0.24 0.06],0
419,"[[ 1.  1. -1.]
 [ 0.  0.  0.]
 [-1.  0.  0.]]",[0.   0.   0.   0.16 0.31 0.17 0.   0.16 0.2 ],0
420,"[[ 1.  1. -1.]
 [ 0.  1.  0.]
 [-1.  0.  0.]]",[0.   0.   0.   0.93 0.   0.02 0.   0.02 0.03],0
421,"[[ 1.  1. -1.]
 [-1.  1.  0.]
 [-1.  0.  0.]]",[0.   0.   0.   0.   0.   0.41 0.   0.17 0.42],0
422,"[[0. 0. 0.]
 [0. 0. 0.]
 [0. 0. 0.]]",[0.09 0.13 0.05 0.06 0.11 0.26 0.07 0.06 0.17],1
423,"[[0. 0. 0.]
 [0. 0. 1.]
 [0. 0. 0.]]",[0.07 0.2  0.25 0.09 0.17 0.   0.09 0.05 0.08],1
424,"[[ 0.  0. -1.]
 [ 0.  0.  1.]
 [ 0.  0.  0.]]",[0.26 0.15 0.   0.15 0.11 0.   0.05 0.21 0.07],1
425,"[[ 1.  0. -1.]
 [ 0.  0.  1.]
 [ 0.  0.  0.]]",[0.   0.03 0.   0.05 0.81 0.   0.04 0.03 0.04],1
426,"[[ 1.  0. -1.]
 [ 0. -1.  1.]
 [ 0.  0.  0.]]",[0.   0.14 0.   0.18 0.   0.   0.33 0.13 0.22],1
427,"[[ 1.  0. -1.]
 [ 0. -1.  1.]
 [ 1.  0.  0.]]",[0.   0.94 0.   0.02 0.   0.   0.   0.02 0.02],1
428,"[[ 1. -1. -1.]
 [ 0. -1.  1.]
 [ 1.  0.  0.]]",[0.   0.   0.   0.17 0.   0.   0.   0.38 0.45],1
429,"[[ 1. -1. -1.]
 [ 0. -1.  1.]
 [ 1.  0.  1.]]",[0.   0.   0.   0.41 0.   0.   0.   0.59 0.  ],1
430,"[[0. 0. 0.]
 [0. 0. 0.]
 [0. 0. 0.]]",[0.06 0.18 0.08 0.07 0.06 0.31 0.09 0.07 0.08],1
431,"[[0. 0. 0.]
 [0. 0. 1.]
 [0. 0. 0.]]",[0.07 0.07 0.11 0.22 0.08 0.   0.07 0.19 0.19],1
432,"[[ 0.  0.  0.]
 [-1.  0.  1.]
 [ 0.  0.  0.]]",[0.23 0.07 0.06 0.   0.19 0.   0.07 0.29 0.09],1
433,"[[ 0.  0.  0.]
 [-1.  0.  1.]
 [ 0.  1.  0.]]",[0.7  0.04 0.06 0.   0.06 0.   0.06 0.   0.08],1
434,"[[-1.  0.  0.]
 [-1.  0.  1.]
 [ 0.  1.  0.]]",[0.   0.13 0.16 0.   0.13 0.   0.42 0.   0.16],1
435,"[[-1.  0.  0.]
 [-1.  0.  1.]
 [ 1.  1.  0.]]",[0.   0.03 0.02 0.   0.93 0.   0.   0.   0.02],1
436,"[[-1.  0.  0.]
 [-1. -1.  1.]
 [ 1.  1.  0.]]",[0.   0.44 0.4  0.   0.   0.   0.   0.   0.16],1
437,"[[-1.  1.  0.]
 [-1. -1.  1.]
 [ 1.  1.  0.]]",[0.   0.   0.32 0.   0.   0.   0.   0.   0.68],1
438,"[[0. 0. 0.]
 [0. 0. 0.]
 [0. 0. 0.]]",[0.08 0.07 0.2  0.06 0.06 0.08 0.05 0.11 0.29],0
439,"[[0. 0. 0.]
 [0. 0. 0.]
 [0. 0. 1.]]",[0.07 0.06 0.06 0.06 0.19 0.08 0.2  0.28 0.  ],0
440,"[[ 0.  0.  0.]
 [ 0.  0.  0.]
 [ 0. -1.  1.]]",[0.19 0.19 0.06 0.34 0.09 0.08 0.05 0.   0.  ],0
441,"[[ 0.  0.  0.]
 [ 1.  0.  0.]
 [ 0. -1.  1.]]",[0.22 0.05 0.05 0.   0.28 0.15 0.25 0.   0.  ],0
442,"[[ 0.  0.  0.]
 [ 1. -1.  0.]
 [ 0. -1.  1.]]",[0.09 0.62 0.11 0.   0.   0.09 0.09 0.   0.  ],0
443,"[[ 0.  1.  0.]
 [ 1. -1.  0.]
 [ 0. -1.  1.]]",[0.03 0.   0.91 0.   0.   0.03 0.03 0.   0.  ],0
444,"[[ 0.  1. -1.]
 [ 1. -1.  0.]
 [ 0. -1.  1.]]",[0.24 0.   0.   0.   0.   0.35 0.41 0.   0.  ],0
445,"[[ 0.  1. -1.]
 [ 1. -1.  0.]
 [ 1. -1.  1.]]",[0.03 0.   0.   0.   0.   0.97 0.   0.   0.  ],0
446,"[[ 0.  1. -1.]
 [ 1. -1. -1.]
 [ 1. -1.  1.]]",[1. 0. 0. 0. 0. 0. 0. 0. 0.],0
447,"[[0. 0. 0.]
 [0. 0. 0.]
 [0. 0. 0.]]",[0.05 0.14 0.08 0.06 0.08 0.19 0.06 0.05 0.29],0
448,"[[0. 0. 0.]
 [0. 0. 0.]
 [0. 0. 1.]]",[0.29 0.07 0.08 0.25 0.09 0.07 0.07 0.08 0.  ],0
449,"[[-1.  0.  0.]
 [ 0.  0.  0.]
 [ 0.  0.  1.]]",[0.   0.12 0.08 0.26 0.1  0.09 0.2  0.15 0.  ],0
450,"[[-1.  0.  0.]
 [ 1.  0.  0.]
 [ 0.  0.  1.]]",[0.   0.2  0.26 0.   0.21 0.05 0.05 0.23 0.  ],0
451,"[[-1.  0. -1.]
 [ 1.  0.  0.]
 [ 0.  0.  1.]]",[0.   0.5  0.   0.   0.11 0.11 0.13 0.15 0.  ],0
452,"[[-1.  1. -1.]
 [ 1.  0.  0.]
 [ 0.  0.  1.]]",[0.   0.   0.   0.   0.03 0.9  0.03 0.04 0.  ],0
453,"[[-1.  1. -1.]
 [ 1.  0. -1.]
 [ 0.  0.  1.]]",[0.   0.   0.   0.   0.35 0.   0.34 0.31 0.  ],0
454,"[[-1.  1. -1.]
 [ 1.  1. -1.]
 [ 0.  0.  1.]]",[0.   0.   0.   0.   0.   0.   0.96 0.04 0.  ],0
455,"[[-1.  1. -1.]
 [ 1.  1. -1.]
 [-1.  0.  1.]]",[0. 0. 0. 0. 0. 0. 0. 1. 0.],0
456,"[[0. 0. 0.]
 [0. 0. 0.]
 [0. 0. 0.]]",[0.09 0.09 0.06 0.12 0.12 0.05 0.06 0.05 0.36],1
457,"[[0. 0. 0.]
 [0. 0. 0.]
 [0. 0. 1.]]",[0.08 0.06 0.04 0.46 0.07 0.07 0.05 0.17 0.  ],1
458,"[[ 0.  0.  0.]
 [-1.  0.  0.]
 [ 0.  0.  1.]]",[0.06 0.06 0.07 0.   0.11 0.14 0.25 0.31 0.  ],1
459,"[[ 0.  0.  0.]
 [-1.  0.  0.]
 [ 0.  1.  1.]]",[0.82 0.05 0.03 0.   0.03 0.03 0.04 0.   0.  ],1
460,"[[-1.  0.  0.]
 [-1.  0.  0.]
 [ 0.  1.  1.]]",[0.   0.23 0.2  0.   0.24 0.28 0.05 0.   0.  ],1
461,"[[-1.  0.  0.]
 [-1.  0.  1.]
 [ 0.  1.  1.]]",[0.   0.03 0.05 0.   0.02 0.   0.9  0.   0.  ],1
462,"[[0. 0. 0.]
 [0. 0. 0.]
 [0. 0. 0.]]",[0.2  0.08 0.05 0.06 0.22 0.09 0.05 0.18 0.07],0
463,"[[0. 0. 0.]
 [0. 1. 0.]
 [0. 0. 0.]]",[0.22 0.22 0.21 0.1  0.   0.07 0.07 0.05 0.06],0
464,"[[-1.  0.  0.]
 [ 0.  1.  0.]
 [ 0.  0.  0.]]",[0.   0.1  0.24 0.13 0.   0.26 0.1  0.1  0.07],0
465,"[[-1.  0.  0.]
 [ 0.  1.  1.]
 [ 0.  0.  0.]]",[0.   0.05 0.78 0.04 0.   0.   0.03 0.07 0.03],0
466,"[[-1.  0. -1.]
 [ 0.  1.  1.]
 [ 0.  0.  0.]]",[0.   0.36 0.   0.1  0.   0.   0.21 0.19 0.14],0
467,"[[-1.  1. -1.]
 [ 0.  1.  1.]
 [ 0.  0.  0.]]",[0.   0.   0.   0.02 0.   0.   0.04 0.03 0.91],0
468,"[[-1.  1. -1.]
 [ 0.  1.  1.]
 [ 0.  0. -1.]]",[0.   0.   0.   0.22 0.   0.   0.53 0.25 0.  ],0
469,"[[-1.  1. -1.]
 [ 0.  1.  1.]
 [ 1.  0. -1.]]",[0.   0.   0.   0.58 0.   0.   0.   0.42 0.  ],0
470,"[[-1.  1. -1.]
 [-1.  1.  1.]
 [ 1.  0. -1.]]",[0. 0. 0. 0. 0. 0. 0. 1. 0.],0
471,"[[0. 0. 0.]
 [0. 0. 0.]
 [0. 0. 0.]]",[0.17 0.13 0.07 0.19 0.18 0.05 0.07 0.08 0.06],0
472,"[[0. 0. 0.]
 [1. 0. 0.]
 [0. 0. 0.]]",[0.1  0.18 0.06 0.   0.37 0.07 0.08 0.07 0.07],0
473,"[[ 0.  0.  0.]
 [ 1. -1.  0.]
 [ 0.  0.  0.]]",[0.29 0.05 0.35 0.   0.   0.06 0.11 0.09 0.05],0
474,"[[ 0.  0.  1.]
 [ 1. -1.  0.]
 [ 0.  0.  0.]]",[0.68 0.06 0.   0.   0.   0.05 0.11 0.04 0.06],0
475,"[[-1.  0.  1.]
 [ 1. -1.  0.]
 [ 0.  0.  0.]]",[0.   0.14 0.   0.   0.   0.12 0.13 0.15 0.46],0
476,"[[-1.  0.  1.]
 [ 1. -1.  0.]
 [ 0.  0.  1.]]",[0.   0.05 0.   0.   0.   0.02 0.91 0.02 0.  ],0
477,"[[-1.  0.  1.]
 [ 1. -1.  0.]
 [-1.  0.  1.]]",[0.   0.43 0.   0.   0.   0.22 0.   0.35 0.  ],0
478,"[[-1.  1.  1.]
 [ 1. -1.  0.]
 [-1.  0.  1.]]",[0.   0.   0.   0.   0.   0.03 0.   0.97 0.  ],0
479,"[[-1.  1.  1.]
 [ 1. -1.  0.]
 [-1. -1.  1.]]",[0. 0. 0. 0. 0. 1. 0. 0. 0.],0
480,"[[0. 0. 0.]
 [0. 0. 0.]
 [0. 0. 0.]]",[0.08 0.15 0.14 0.33 0.07 0.05 0.05 0.06 0.07],1
481,"[[0. 0. 0.]
 [1. 0. 0.]
 [0. 0. 0.]]",[0.07 0.18 0.11 0.   0.06 0.06 0.07 0.37 0.08],1
482,"[[ 0.  0.  0.]
 [ 1.  0.  0.]
 [ 0. -1.  0.]]",[0.23 0.28 0.06 0.   0.07 0.21 0.08 0.   0.07],1
483,"[[ 0.  1.  0.]
 [ 1.  0.  0.]
 [ 0. -1.  0.]]",[0.21 0.   0.05 0.   0.26 0.08 0.08 0.   0.32],1
484,"[[ 0.  1.  0.]
 [ 1.  0.  0.]
 [ 0. -1. -1.]]",[0.15 0.   0.12 0.   0.17 0.16 0.4  0.   0.  ],1
485,"[[ 0.  1.  0.]
 [ 1.  0.  0.]
 [ 1. -1. -1.]]",[0.02 0.   0.03 0.   0.92 0.03 0.   0.   0.  ],1
486,"[[ 0.  1.  0.]
 [ 1. -1.  0.]
 [ 1. -1. -1.]]",[0.12 0.   0.54 0.   0.   0.34 0.   0.   0.  ],1
487,"[[ 0.  1.  1.]
 [ 1. -1.  0.]
 [ 1. -1. -1.]]",[0.54 0.   0.   0.   0.   0.46 0.   0.   0.  ],1
488,"[[0. 0. 0.]
 [0. 0. 0.]
 [0. 0. 0.]]",[0.29 0.18 0.07 0.08 0.1  0.06 0.06 0.08 0.08],1
489,"[[1. 0. 0.]
 [0. 0. 0.]
 [0. 0. 0.]]",[0.   0.06 0.08 0.39 0.06 0.21 0.06 0.06 0.08],1
490,"[[ 1.  0.  0.]
 [-1.  0.  0.]
 [ 0.  0.  0.]]",[0.   0.06 0.07 0.   0.26 0.11 0.06 0.28 0.16],1
491,"[[ 1.  0.  0.]
 [-1.  0.  0.]
 [ 0.  1.  0.]]",[0.   0.06 0.07 0.   0.05 0.44 0.1  0.   0.28],1
492,"[[ 1.  0.  0.]
 [-1.  0. -1.]
 [ 0.  1.  0.]]",[0.   0.19 0.2  0.   0.27 0.   0.17 0.   0.17],1
493,"[[ 1.  0.  0.]
 [-1.  1. -1.]
 [ 0.  1.  0.]]",[0.   0.03 0.87 0.   0.   0.   0.06 0.   0.04],1
494,"[[ 1.  0. -1.]
 [-1.  1. -1.]
 [ 0.  1.  0.]]",[0.   0.29 0.   0.   0.   0.   0.53 0.   0.18],1
495,"[[ 1.  0. -1.]
 [-1.  1. -1.]
 [ 1.  1.  0.]]",[0.   0.47 0.   0.   0.   0.   0.   0.   0.53],1
496,"[[0. 0. 0.]
 [0. 0. 0.]
 [0. 0. 0.]]",[0.07 0.06 0.16 0.07 0.32 0.05 0.06 0.08 0.13],1
497,"[[0. 0. 0.]
 [0. 1. 0.]
 [0. 0. 0.]]",[0.15 0.06 0.08 0.07 0.   0.08 0.21 0.17 0.18],1
498,"[[ 0.  0.  0.]
 [ 0.  1.  0.]
 [-1.  0.  0.]]",[0.31 0.21 0.05 0.06 0.   0.19 0.   0.1  0.08],1
499,"[[ 1.  0.  0.]
 [ 0.  1.  0.]
 [-1.  0.  0.]]",[0.   0.16 0.04 0.03 0.   0.03 0.   0.7  0.04],1
500,"[[ 1.  0.  0.]
 [ 0.  1.  0.]
 [-1. -1.  0.]]",[0.   0.28 0.21 0.25 0.   0.19 0.   0.   0.07],1
501,"[[ 1.  1.  0.]
 [ 0.  1.  0.]
 [-1. -1.  0.]]",[0.   0.   0.05 0.03 0.   0.23 0.   0.   0.69],1
502,"[[0. 0. 0.]
 [0. 0. 0.]
 [0. 0. 0.]]",[0.09 0.07 0.07 0.06 0.21 0.07 0.08 0.07 0.28],0
503,"[[0. 0. 0.]
 [0. 0. 0.]
 [0. 0. 1.]]",[0.06 0.17 0.08 0.21 0.06 0.08 0.11 0.23 0.  ],0
504,"[[ 0.  0.  0.]
 [ 0.  0.  0.]
 [ 0. -1.  1.]]",[0.19 0.36 0.06 0.08 0.09 0.15 0.07 0.   0.  ],0
505,"[[ 0.  1.  0.]
 [ 0.  0.  0.]
 [ 0. -1.  1.]]",[0.25 0.   0.06 0.37 0.06 0.21 0.05 0.   0.  ],0
506,"[[ 0.  1.  0.]
 [-1.  0.  0.]
 [ 0. -1.  1.]]",[0.18 0.   0.1  0.   0.19 0.21 0.32 0.   0.  ],0
507,"[[ 0.  1.  0.]
 [-1.  0.  0.]
 [ 1. -1.  1.]]",[0.04 0.   0.08 0.   0.85 0.03 0.   0.   0.  ],0
508,"[[ 0.  1.  0.]
 [-1. -1.  0.]
 [ 1. -1.  1.]]",[0.32 0.   0.3  0.   0.   0.38 0.   0.   0.  ],0
509,"[[ 0.  1.  0.]
 [-1. -1.  1.]
 [ 1. -1.  1.]]",[0.97 0.   0.03 0.   0.   0.   0.   0.   0.  ],0
510,"[[-1.  1.  0.]
 [-1. -1.  1.]
 [ 1. -1.  1.]]",[0. 0. 1. 0. 0. 0. 0. 0. 0.],0
511,"[[0. 0. 0.]
 [0. 0. 0.]
 [0. 0. 0.]]",[0.19 0.08 0.09 0.06 0.32 0.07 0.07 0.06 0.06],1
512,"[[0. 0. 0.]
 [0. 1. 0.]
 [0. 0. 0.]]",[0.07 0.2  0.16 0.24 0.   0.06 0.15 0.07 0.05],1
513,"[[ 0.  0.  0.]
 [-1.  1.  0.]
 [ 0.  0.  0.]]",[0.09 0.21 0.21 0.   0.   0.23 0.05 0.1  0.11],1
514,"[[ 0.  0.  0.]
 [-1.  1.  1.]
 [ 0.  0.  0.]]",[0.13 0.09 0.06 0.   0.   0.   0.48 0.07 0.17],1
515,"[[ 0.  0.  0.]
 [-1.  1.  1.]
 [-1.  0.  0.]]",[0.45 0.14 0.15 0.   0.   0.   0.   0.12 0.14],1
516,"[[ 1.  0.  0.]
 [-1.  1.  1.]
 [-1.  0.  0.]]",[0.   0.03 0.03 0.   0.   0.   0.   0.91 0.03],1
517,"[[ 1.  0.  0.]
 [-1.  1.  1.]
 [-1. -1.  0.]]",[0.   0.41 0.39 0.   0.   0.   0.   0.   0.2 ],1
518,"[[ 1.  1.  0.]
 [-1.  1.  1.]
 [-1. -1.  0.]]",[0.   0.   0.15 0.   0.   0.   0.   0.   0.85],1
519,"[[0. 0. 0.]
 [0. 0. 0.]
 [0. 0. 0.]]",[0.09 0.08 0.05 0.09 0.33 0.08 0.07 0.12 0.09],1
520,"[[0. 0. 0.]
 [0. 1. 0.]
 [0. 0. 0.]]",[0.27 0.16 0.05 0.07 0.   0.21 0.08 0.08 0.08],1
521,"[[-1.  0.  0.]
 [ 0.  1.  0.]
 [ 0.  0.  0.]]",[0.   0.1  0.2  0.13 0.   0.05 0.08 0.11 0.33],1
522,"[[-1.  0.  0.]
 [ 0.  1.  0.]
 [ 0.  0.  1.]]",[0.   0.76 0.06 0.04 0.   0.06 0.04 0.04 0.  ],1
523,"[[-1. -1.  0.]
 [ 0.  1.  0.]
 [ 0.  0.  1.]]",[0.   0.   0.25 0.23 0.   0.2  0.13 0.19 0.  ],1
524,"[[-1. -1.  1.]
 [ 0.  1.  0.]
 [ 0.  0.  1.]]",[0.   0.   0.   0.95 0.   0.01 0.02 0.02 0.  ],1
525,"[[-1. -1.  1.]
 [-1.  1.  0.]
 [ 0.  0.  1.]]",[0.   0.   0.   0.   0.   0.11 0.43 0.46 0.  ],1
526,"[[-1. -1.  1.]
 [-1.  1.  0.]
 [ 0.  1.  1.]]",[0.   0.   0.   0.   0.   0.48 0.52 0.   0.  ],1
