,board,hist,result
0,"[[0. 0. 0.]
 [0. 0. 0.]
 [0. 0. 0.]]",[0.09 0.07 0.06 0.08 0.08 0.05 0.34 0.05 0.18],0
1,"[[0. 0. 0.]
 [0. 0. 0.]
 [1. 0. 0.]]",[0.06 0.21 0.05 0.04 0.05 0.08 0.   0.23 0.28],0
2,"[[ 0.  0.  0.]
 [ 0.  0.  0.]
 [ 1.  0. -1.]]",[0.08 0.06 0.22 0.06 0.2  0.31 0.   0.07 0.  ],0
3,"[[ 0.  0.  0.]
 [ 0.  0.  1.]
 [ 1.  0. -1.]]",[0.04 0.05 0.05 0.05 0.77 0.   0.   0.04 0.  ],0
4,"[[ 0.  0.  0.]
 [ 0. -1.  1.]
 [ 1.  0. -1.]]",[0.39 0.16 0.18 0.14 0.   0.   0.   0.13 0.  ],0
5,"[[ 1.  0.  0.]
 [ 0. -1.  1.]
 [ 1.  0. -1.]]",[0.   0.93 0.02 0.02 0.   0.   0.   0.03 0.  ],0
6,"[[ 1. -1.  0.]
 [ 0. -1.  1.]
 [ 1.  0. -1.]]",[0.   0.   0.26 0.33 0.   0.   0.   0.41 0.  ],0
7,"[[ 1. -1.  0.]
 [ 0. -1.  1.]
 [ 1.  1. -1.]]",[0.   0.   0.97 0.03 0.   0.   0.   0.   0.  ],0
8,"[[ 1. -1. -1.]
 [ 0. -1.  1.]
 [ 1.  1. -1.]]",[0. 0. 0. 1. 0. 0. 0. 0. 0.],0
9,"[[0. 0. 0.]
 [0. 0. 0.]
 [0. 0. 0.]]",[0.06 0.07 0.06 0.08 0.09 0.42 0.07 0.06 0.09],0
10,"[[0. 0. 0.]
 [0. 0. 1.]
 [0. 0. 0.]]",[0.08 0.06 0.08 0.19 0.07 0.   0.37 0.09 0.06],0
11,"[[ 0.  0.  0.]
 [ 0.  0.  1.]
 [-1.  0.  0.]]",[0.37 0.07 0.26 0.07 0.07 0.   0.   0.1  0.06],0
12,"[[ 1.  0.  0.]
 [ 0.  0.  1.]
 [-1.  0.  0.]]",[0.   0.04 0.03 0.05 0.8  0.   0.   0.05 0.03],0
13,"[[ 1.  0.  0.]
 [ 0. -1.  1.]
 [-1.  0.  0.]]",[0.   0.13 0.35 0.14 0.   0.   0.   0.14 0.24],0
14,"[[ 1.  0.  1.]
 [ 0. -1.  1.]
 [-1.  0.  0.]]",[0.   0.02 0.   0.91 0.   0.   0.   0.03 0.04],0
15,"[[ 1.  0.  1.]
 [-1. -1.  1.]
 [-1.  0.  0.]]",[0.   0.23 0.   0.   0.   0.   0.   0.54 0.23],0
16,"[[ 1.  0.  1.]
 [-1. -1.  1.]
 [-1.  1.  0.]]",[0.   0.49 0.   0.   0.   0.   0.   0.   0.51],0
17,"[[ 1.  0.  1.]
 [-1. -1.  1.]
 [-1.  1. -1.]]",[0. 1. 0. 0. 0. 0. 0. 0. 0.],0
18,"[[0. 0. 0.]
 [0. 0. 0.]
 [0. 0. 0.]]",[0.08 0.11 0.05 0.09 0.08 0.37 0.07 0.09 0.06],0
19,"[[0. 0. 0.]
 [0. 0. 1.]
 [0. 0. 0.]]",[0.07 0.08 0.34 0.08 0.08 0.   0.22 0.07 0.06],0
20,"[[ 0.  0. -1.]
 [ 0.  0.  1.]
 [ 0.  0.  0.]]",[0.16 0.31 0.   0.06 0.27 0.   0.06 0.07 0.07],0
21,"[[ 0.  1. -1.]
 [ 0.  0.  1.]
 [ 0.  0.  0.]]",[0.04 0.   0.   0.05 0.3  0.   0.51 0.04 0.06],0
22,"[[ 0.  1. -1.]
 [ 0.  0.  1.]
 [-1.  0.  0.]]",[0.24 0.   0.   0.15 0.25 0.   0.   0.19 0.17],0
23,"[[ 0.  1. -1.]
 [ 0.  1.  1.]
 [-1.  0.  0.]]",[0.35 0.   0.   0.02 0.   0.   0.   0.04 0.59],0
24,"[[ 0.  1. -1.]
 [ 0.  1.  1.]
 [-1.  0. -1.]]",[0.52 0.   0.   0.21 0.   0.   0.   0.27 0.  ],0
25,"[[ 1.  1. -1.]
 [ 0.  1.  1.]
 [-1.  0. -1.]]",[0.   0.   0.   0.55 0.   0.   0.   0.45 0.  ],0
26,"[[ 1.  1. -1.]
 [-1.  1.  1.]
 [-1.  0. -1.]]",[0. 0. 0. 0. 0. 0. 0. 1. 0.],0
27,"[[0. 0. 0.]
 [0. 0. 0.]
 [0. 0. 0.]]",[0.25 0.05 0.34 0.06 0.07 0.05 0.06 0.06 0.06],1
28,"[[0. 0. 1.]
 [0. 0. 0.]
 [0. 0. 0.]]",[0.2  0.06 0.   0.08 0.39 0.06 0.07 0.06 0.08],1
29,"[[ 0.  0.  1.]
 [ 0. -1.  0.]
 [ 0.  0.  0.]]",[0.08 0.08 0.   0.13 0.   0.05 0.24 0.37 0.05],1
30,"[[ 0.  0.  1.]
 [ 0. -1.  0.]
 [ 0.  1.  0.]]",[0.3  0.05 0.   0.27 0.   0.28 0.06 0.   0.04],1
31,"[[-1.  0.  1.]
 [ 0. -1.  0.]
 [ 0.  1.  0.]]",[0.   0.16 0.   0.16 0.   0.17 0.18 0.   0.33],1
32,"[[-1.  0.  1.]
 [ 0. -1.  0.]
 [ 0.  1.  1.]]",[0.   0.05 0.   0.86 0.   0.02 0.07 0.   0.  ],1
33,"[[-1.  0.  1.]
 [-1. -1.  0.]
 [ 0.  1.  1.]]",[0.   0.51 0.   0.   0.   0.3  0.19 0.   0.  ],1
34,"[[-1.  1.  1.]
 [-1. -1.  0.]
 [ 0.  1.  1.]]",[0.   0.   0.   0.   0.   0.51 0.49 0.   0.  ],1
35,"[[0. 0. 0.]
 [0. 0. 0.]
 [0. 0. 0.]]",[0.18 0.07 0.09 0.07 0.06 0.06 0.07 0.34 0.06],0
36,"[[0. 0. 0.]
 [0. 0. 0.]
 [0. 1. 0.]]",[0.08 0.05 0.28 0.08 0.06 0.05 0.05 0.   0.35],0
37,"[[ 0.  0.  0.]
 [ 0.  0.  0.]
 [ 0.  1. -1.]]",[0.3  0.06 0.07 0.07 0.13 0.3  0.07 0.   0.  ],0
38,"[[ 1.  0.  0.]
 [ 0.  0.  0.]
 [ 0.  1. -1.]]",[0.   0.23 0.04 0.03 0.04 0.62 0.04 0.   0.  ],0
39,"[[ 1.  0.  0.]
 [ 0.  0. -1.]
 [ 0.  1. -1.]]",[0.   0.15 0.46 0.16 0.11 0.   0.12 0.   0.  ],0
40,"[[ 1.  0.  1.]
 [ 0.  0. -1.]
 [ 0.  1. -1.]]",[0.   0.02 0.   0.04 0.9  0.   0.04 0.   0.  ],0
41,"[[ 1.  0.  1.]
 [ 0. -1. -1.]
 [ 0.  1. -1.]]",[0.   0.17 0.   0.5  0.   0.   0.33 0.   0.  ],0
42,"[[ 1.  0.  1.]
 [ 1. -1. -1.]
 [ 0.  1. -1.]]",[0.   0.35 0.   0.   0.   0.   0.65 0.   0.  ],0
43,"[[ 1.  0.  1.]
 [ 1. -1. -1.]
 [-1.  1. -1.]]",[0. 1. 0. 0. 0. 0. 0. 0. 0.],0
44,"[[0. 0. 0.]
 [0. 0. 0.]
 [0. 0. 0.]]",[0.48 0.08 0.06 0.07 0.06 0.06 0.07 0.06 0.06],0
45,"[[1. 0. 0.]
 [0. 0. 0.]
 [0. 0. 0.]]",[0.   0.06 0.08 0.49 0.15 0.05 0.06 0.05 0.06],0
46,"[[ 1.  0.  0.]
 [-1.  0.  0.]
 [ 0.  0.  0.]]",[0.   0.06 0.08 0.   0.15 0.27 0.33 0.06 0.05],0
47,"[[ 1.  0.  0.]
 [-1.  0.  0.]
 [ 1.  0.  0.]]",[0.   0.21 0.04 0.   0.05 0.44 0.   0.22 0.04],0
48,"[[ 1.  0.  0.]
 [-1.  0. -1.]
 [ 1.  0.  0.]]",[0.   0.16 0.14 0.   0.31 0.   0.   0.2  0.19],0
49,"[[ 1.  0.  0.]
 [-1.  1. -1.]
 [ 1.  0.  0.]]",[0.   0.89 0.02 0.   0.   0.   0.   0.05 0.04],0
50,"[[ 1. -1.  0.]
 [-1.  1. -1.]
 [ 1.  0.  0.]]",[0.   0.   0.26 0.   0.   0.   0.   0.47 0.27],0
51,"[[ 1. -1.  0.]
 [-1.  1. -1.]
 [ 1.  1.  0.]]",[0.   0.   0.39 0.   0.   0.   0.   0.   0.61],0
52,"[[ 1. -1.  0.]
 [-1.  1. -1.]
 [ 1.  1. -1.]]",[0. 0. 1. 0. 0. 0. 0. 0. 0.],0
53,"[[0. 0. 0.]
 [0. 0. 0.]
 [0. 0. 0.]]",[0.09 0.06 0.35 0.09 0.06 0.05 0.18 0.06 0.06],0
54,"[[0. 0. 1.]
 [0. 0. 0.]
 [0. 0. 0.]]",[0.07 0.08 0.   0.04 0.06 0.05 0.06 0.42 0.22],0
55,"[[ 0.  0.  1.]
 [ 0.  0.  0.]
 [ 0. -1.  0.]]",[0.07 0.07 0.   0.21 0.26 0.06 0.07 0.   0.26],0
56,"[[ 0.  0.  1.]
 [ 0.  1.  0.]
 [ 0. -1.  0.]]",[0.04 0.11 0.   0.21 0.   0.51 0.08 0.   0.05],0
57,"[[ 0.  0.  1.]
 [ 0.  1. -1.]
 [ 0. -1.  0.]]",[0.13 0.19 0.   0.38 0.   0.   0.04 0.   0.26],0
58,"[[ 0.  0.  1.]
 [ 1.  1. -1.]
 [ 0. -1.  0.]]",[0.93 0.02 0.   0.   0.   0.   0.03 0.   0.02],0
59,"[[-1.  0.  1.]
 [ 1.  1. -1.]
 [ 0. -1.  0.]]",[0.   0.49 0.   0.   0.   0.   0.13 0.   0.38],0
60,"[[-1.  1.  1.]
 [ 1.  1. -1.]
 [ 0. -1.  0.]]",[0.   0.   0.   0.   0.   0.   0.02 0.   0.98],0
61,"[[-1.  1.  1.]
 [ 1.  1. -1.]
 [ 0. -1. -1.]]",[0. 0. 0. 0. 0. 0. 1. 0. 0.],0
62,"[[0. 0. 0.]
 [0. 0. 0.]
 [0. 0. 0.]]",[0.38 0.08 0.08 0.13 0.05 0.05 0.09 0.07 0.07],0
63,"[[1. 0. 0.]
 [0. 0. 0.]
 [0. 0. 0.]]",[0.   0.08 0.08 0.05 0.08 0.08 0.06 0.4  0.17],0
64,"[[ 1.  0.  0.]
 [ 0.  0.  0.]
 [ 0. -1.  0.]]",[0.   0.08 0.05 0.22 0.06 0.17 0.15 0.   0.27],0
65,"[[ 1.  0.  0.]
 [ 0.  0.  0.]
 [ 0. -1.  1.]]",[0.   0.09 0.23 0.19 0.05 0.2  0.24 0.   0.  ],0
66,"[[ 1.  0.  0.]
 [ 0.  0.  0.]
 [-1. -1.  1.]]",[0.   0.28 0.15 0.3  0.06 0.21 0.   0.   0.  ],0
67,"[[ 1.  0.  0.]
 [ 1.  0.  0.]
 [-1. -1.  1.]]",[0.   0.02 0.93 0.   0.03 0.02 0.   0.   0.  ],0
68,"[[ 1.  0. -1.]
 [ 1.  0.  0.]
 [-1. -1.  1.]]",[0.   0.33 0.   0.   0.19 0.48 0.   0.   0.  ],0
69,"[[ 1.  0. -1.]
 [ 1.  0.  1.]
 [-1. -1.  1.]]",[0.   0.62 0.   0.   0.38 0.   0.   0.   0.  ],0
70,"[[ 1. -1. -1.]
 [ 1.  0.  1.]
 [-1. -1.  1.]]",[0. 0. 0. 0. 1. 0. 0. 0. 0.],0
71,"[[0. 0. 0.]
 [0. 0. 0.]
 [0. 0. 0.]]",[0.05 0.07 0.32 0.06 0.05 0.11 0.22 0.06 0.06],0
72,"[[0. 0. 1.]
 [0. 0. 0.]
 [0. 0. 0.]]",[0.07 0.32 0.   0.06 0.26 0.08 0.08 0.07 0.06],0
73,"[[ 0. -1.  1.]
 [ 0.  0.  0.]
 [ 0.  0.  0.]]",[0.27 0.   0.   0.07 0.07 0.06 0.17 0.3  0.06],0
74,"[[ 0. -1.  1.]
 [ 0.  0.  0.]
 [ 0.  1.  0.]]",[0.13 0.   0.   0.25 0.2  0.06 0.3  0.   0.06],0
75,"[[ 0. -1.  1.]
 [ 0.  0.  0.]
 [-1.  1.  0.]]",[0.31 0.   0.   0.21 0.22 0.13 0.   0.   0.13],0
76,"[[ 1. -1.  1.]
 [ 0.  0.  0.]
 [-1.  1.  0.]]",[0.   0.   0.   0.56 0.19 0.14 0.   0.   0.11],0
77,"[[ 1. -1.  1.]
 [-1.  0.  0.]
 [-1.  1.  0.]]",[0.   0.   0.   0.   0.34 0.4  0.   0.   0.26],0
78,"[[ 1. -1.  1.]
 [-1.  0.  1.]
 [-1.  1.  0.]]",[0.   0.   0.   0.   0.97 0.   0.   0.   0.03],0
79,"[[ 1. -1.  1.]
 [-1. -1.  1.]
 [-1.  1.  0.]]",[0. 0. 0. 0. 0. 0. 0. 0. 1.],0
80,"[[0. 0. 0.]
 [0. 0. 0.]
 [0. 0. 0.]]",[0.06 0.08 0.17 0.06 0.07 0.07 0.09 0.07 0.33],1
81,"[[0. 0. 0.]
 [0. 0. 0.]
 [0. 0. 1.]]",[0.15 0.06 0.21 0.31 0.07 0.08 0.05 0.07 0.  ],1
82,"[[ 0.  0.  0.]
 [-1.  0.  0.]
 [ 0.  0.  1.]]",[0.18 0.3  0.05 0.   0.07 0.14 0.19 0.07 0.  ],1
83,"[[ 0.  1.  0.]
 [-1.  0.  0.]
 [ 0.  0.  1.]]",[0.03 0.   0.04 0.   0.79 0.06 0.03 0.05 0.  ],1
84,"[[ 0.  1.  0.]
 [-1. -1.  0.]
 [ 0.  0.  1.]]",[0.12 0.   0.13 0.   0.   0.41 0.2  0.14 0.  ],1
85,"[[ 0.  1.  0.]
 [-1. -1.  1.]
 [ 0.  0.  1.]]",[0.05 0.   0.03 0.   0.   0.   0.84 0.08 0.  ],1
86,"[[ 0.  1.  0.]
 [-1. -1.  1.]
 [-1.  0.  1.]]",[0.42 0.   0.23 0.   0.   0.   0.   0.35 0.  ],1
87,"[[ 1.  1.  0.]
 [-1. -1.  1.]
 [-1.  0.  1.]]",[0.   0.   0.53 0.   0.   0.   0.   0.47 0.  ],1
88,"[[0. 0. 0.]
 [0. 0. 0.]
 [0. 0. 0.]]",[0.07 0.31 0.12 0.05 0.09 0.07 0.05 0.17 0.07],1
89,"[[0. 1. 0.]
 [0. 0. 0.]
 [0. 0. 0.]]",[0.07 0.   0.29 0.07 0.07 0.07 0.04 0.07 0.32],1
90,"[[ 0.  1.  0.]
 [ 0.  0.  0.]
 [ 0.  0. -1.]]",[0.08 0.   0.04 0.26 0.05 0.17 0.35 0.05 0.  ],1
91,"[[ 0.  1.  0.]
 [ 0.  0.  0.]
 [ 1.  0. -1.]]",[0.83 0.   0.04 0.03 0.04 0.03 0.   0.03 0.  ],1
92,"[[-1.  1.  0.]
 [ 0.  0.  0.]
 [ 1.  0. -1.]]",[0.   0.   0.18 0.17 0.33 0.16 0.   0.16 0.  ],1
93,"[[-1.  1.  0.]
 [ 0.  1.  0.]
 [ 1.  0. -1.]]",[0.   0.   0.02 0.23 0.   0.72 0.   0.03 0.  ],1
94,"[[-1.  1.  0.]
 [ 0.  1. -1.]
 [ 1.  0. -1.]]",[0.   0.   0.19 0.55 0.   0.   0.   0.26 0.  ],1
95,"[[-1.  1.  0.]
 [ 1.  1. -1.]
 [ 1.  0. -1.]]",[0.   0.   0.82 0.   0.   0.   0.   0.18 0.  ],1
96,"[[0. 0. 0.]
 [0. 0. 0.]
 [0. 0. 0.]]",[0.27 0.05 0.04 0.32 0.05 0.05 0.09 0.06 0.07],0
97,"[[0. 0. 0.]
 [1. 0. 0.]
 [0. 0. 0.]]",[0.06 0.48 0.06 0.   0.07 0.06 0.06 0.16 0.05],0
98,"[[ 0. -1.  0.]
 [ 1.  0.  0.]
 [ 0.  0.  0.]]",[0.07 0.   0.06 0.   0.11 0.15 0.06 0.25 0.3 ],0
99,"[[ 0. -1.  0.]
 [ 1.  0.  0.]
 [ 0.  0.  1.]]",[0.66 0.   0.05 0.   0.06 0.1  0.04 0.09 0.  ],0
100,"[[-1. -1.  0.]
 [ 1.  0.  0.]
 [ 0.  0.  1.]]",[0.   0.   0.41 0.   0.15 0.19 0.13 0.12 0.  ],0
101,"[[-1. -1.  1.]
 [ 1.  0.  0.]
 [ 0.  0.  1.]]",[0.   0.   0.   0.   0.92 0.04 0.02 0.02 0.  ],0
102,"[[-1. -1.  1.]
 [ 1. -1.  0.]
 [ 0.  0.  1.]]",[0.   0.   0.   0.   0.   0.2  0.43 0.37 0.  ],0
103,"[[-1. -1.  1.]
 [ 1. -1.  0.]
 [ 1.  0.  1.]]",[0.   0.   0.   0.   0.   0.59 0.   0.41 0.  ],0
104,"[[-1. -1.  1.]
 [ 1. -1. -1.]
 [ 1.  0.  1.]]",[0. 0. 0. 0. 0. 0. 0. 1. 0.],0
105,"[[0. 0. 0.]
 [0. 0. 0.]
 [0. 0. 0.]]",[0.13 0.07 0.07 0.06 0.05 0.07 0.05 0.08 0.42],0
106,"[[0. 0. 0.]
 [0. 0. 0.]
 [0. 0. 1.]]",[0.36 0.08 0.22 0.07 0.06 0.07 0.06 0.08 0.  ],0
107,"[[-1.  0.  0.]
 [ 0.  0.  0.]
 [ 0.  0.  1.]]",[0.   0.25 0.06 0.27 0.22 0.08 0.06 0.06 0.  ],0
108,"[[-1.  0.  0.]
 [ 1.  0.  0.]
 [ 0.  0.  1.]]",[0.   0.25 0.05 0.   0.22 0.05 0.19 0.24 0.  ],0
109,"[[-1. -1.  0.]
 [ 1.  0.  0.]
 [ 0.  0.  1.]]",[0.   0.   0.4  0.   0.17 0.14 0.17 0.12 0.  ],0
110,"[[-1. -1.  1.]
 [ 1.  0.  0.]
 [ 0.  0.  1.]]",[0.   0.   0.   0.   0.04 0.03 0.02 0.91 0.  ],0
111,"[[-1. -1.  1.]
 [ 1.  0.  0.]
 [ 0. -1.  1.]]",[0.   0.   0.   0.   0.44 0.16 0.4  0.   0.  ],0
112,"[[-1. -1.  1.]
 [ 1.  1.  0.]
 [ 0. -1.  1.]]",[0.  0.  0.  0.  0.  0.4 0.6 0.  0. ],0
113,"[[-1. -1.  1.]
 [ 1.  1.  0.]
 [-1. -1.  1.]]",[0. 0. 0. 0. 0. 1. 0. 0. 0.],0
114,"[[0. 0. 0.]
 [0. 0. 0.]
 [0. 0. 0.]]",[0.17 0.06 0.04 0.06 0.05 0.2  0.04 0.32 0.06],1
115,"[[0. 0. 0.]
 [0. 0. 0.]
 [0. 1. 0.]]",[0.37 0.06 0.19 0.06 0.05 0.06 0.07 0.   0.14],1
116,"[[-1.  0.  0.]
 [ 0.  0.  0.]
 [ 0.  1.  0.]]",[0.   0.07 0.05 0.31 0.05 0.19 0.08 0.   0.25],1
117,"[[-1.  0.  0.]
 [ 1.  0.  0.]
 [ 0.  1.  0.]]",[0.   0.05 0.81 0.   0.03 0.04 0.04 0.   0.03],1
118,"[[-1.  0. -1.]
 [ 1.  0.  0.]
 [ 0.  1.  0.]]",[0.   0.39 0.   0.   0.18 0.13 0.17 0.   0.13],1
119,"[[-1.  1. -1.]
 [ 1.  0.  0.]
 [ 0.  1.  0.]]",[0.   0.   0.   0.   0.02 0.04 0.03 0.   0.91],1
120,"[[-1.  1. -1.]
 [ 1.  0.  0.]
 [ 0.  1. -1.]]",[0.   0.   0.   0.   0.21 0.35 0.44 0.   0.  ],1
121,"[[-1.  1. -1.]
 [ 1.  0.  0.]
 [ 1.  1. -1.]]",[0.   0.   0.   0.   0.47 0.53 0.   0.   0.  ],1
122,"[[0. 0. 0.]
 [0. 0. 0.]
 [0. 0. 0.]]",[0.08 0.33 0.05 0.06 0.06 0.05 0.06 0.26 0.05],1
123,"[[0. 1. 0.]
 [0. 0. 0.]
 [0. 0. 0.]]",[0.25 0.   0.29 0.14 0.07 0.06 0.08 0.06 0.05],1
124,"[[ 0.  1. -1.]
 [ 0.  0.  0.]
 [ 0.  0.  0.]]",[0.07 0.   0.   0.05 0.11 0.08 0.31 0.07 0.31],1
125,"[[ 0.  1. -1.]
 [ 0.  0.  0.]
 [ 1.  0.  0.]]",[0.06 0.   0.   0.05 0.06 0.72 0.   0.05 0.06],1
126,"[[ 0.  1. -1.]
 [ 0.  0. -1.]
 [ 1.  0.  0.]]",[0.12 0.   0.   0.12 0.17 0.   0.   0.16 0.43],1
127,"[[ 0.  1. -1.]
 [ 0.  0. -1.]
 [ 1.  0.  1.]]",[0.02 0.   0.   0.03 0.93 0.   0.   0.02 0.  ],1
128,"[[ 0.  1. -1.]
 [ 0. -1. -1.]
 [ 1.  0.  1.]]",[0.38 0.   0.   0.34 0.   0.   0.   0.28 0.  ],1
129,"[[ 1.  1. -1.]
 [ 0. -1. -1.]
 [ 1.  0.  1.]]",[0.   0.   0.   0.65 0.   0.   0.   0.35 0.  ],1
130,"[[0. 0. 0.]
 [0. 0. 0.]
 [0. 0. 0.]]",[0.08 0.06 0.05 0.05 0.13 0.47 0.06 0.05 0.05],0
131,"[[0. 0. 0.]
 [0. 0. 1.]
 [0. 0. 0.]]",[0.07 0.33 0.06 0.07 0.08 0.   0.07 0.08 0.24],0
132,"[[ 0. -1.  0.]
 [ 0.  0.  1.]
 [ 0.  0.  0.]]",[0.07 0.   0.24 0.07 0.12 0.   0.08 0.33 0.09],0
133,"[[ 0. -1.  0.]
 [ 0.  0.  1.]
 [ 0.  1.  0.]]",[0.06 0.   0.25 0.23 0.15 0.   0.06 0.   0.25],0
134,"[[ 0. -1. -1.]
 [ 0.  0.  1.]
 [ 0.  1.  0.]]",[0.49 0.   0.   0.12 0.13 0.   0.11 0.   0.15],0
135,"[[ 1. -1. -1.]
 [ 0.  0.  1.]
 [ 0.  1.  0.]]",[0.   0.   0.   0.03 0.87 0.   0.04 0.   0.06],0
136,"[[ 1. -1. -1.]
 [ 0. -1.  1.]
 [ 0.  1.  0.]]",[0.   0.   0.   0.3  0.   0.   0.45 0.   0.25],0
137,"[[ 1. -1. -1.]
 [ 0. -1.  1.]
 [ 1.  1.  0.]]",[0.   0.   0.   0.51 0.   0.   0.   0.   0.49],0
138,"[[ 1. -1. -1.]
 [-1. -1.  1.]
 [ 1.  1.  0.]]",[0. 0. 0. 0. 0. 0. 0. 0. 1.],0
139,"[[0. 0. 0.]
 [0. 0. 0.]
 [0. 0. 0.]]",[0.08 0.07 0.09 0.07 0.06 0.09 0.07 0.42 0.05],1
140,"[[0. 0. 0.]
 [0. 0. 0.]
 [0. 1. 0.]]",[0.05 0.08 0.05 0.25 0.07 0.07 0.37 0.   0.06],1
141,"[[ 0.  0.  0.]
 [ 0.  0.  0.]
 [-1.  1.  0.]]",[0.3  0.15 0.32 0.05 0.08 0.05 0.   0.   0.05],1
142,"[[ 0.  0.  1.]
 [ 0.  0.  0.]
 [-1.  1.  0.]]",[0.3  0.16 0.   0.06 0.17 0.2  0.   0.   0.11],1
143,"[[-1.  0.  1.]
 [ 0.  0.  0.]
 [-1.  1.  0.]]",[0.   0.1  0.   0.63 0.09 0.08 0.   0.   0.1 ],1
144,"[[-1.  0.  1.]
 [ 1.  0.  0.]
 [-1.  1.  0.]]",[0.   0.09 0.   0.   0.83 0.04 0.   0.   0.04],1
145,"[[-1.  0.  1.]
 [ 1. -1.  0.]
 [-1.  1.  0.]]",[0.   0.33 0.   0.   0.   0.34 0.   0.   0.33],1
146,"[[-1.  0.  1.]
 [ 1. -1.  1.]
 [-1.  1.  0.]]",[0.   0.34 0.   0.   0.   0.   0.   0.   0.66],1
147,"[[0. 0. 0.]
 [0. 0. 0.]
 [0. 0. 0.]]",[0.09 0.06 0.43 0.08 0.08 0.07 0.05 0.06 0.08],1
148,"[[0. 0. 1.]
 [0. 0. 0.]
 [0. 0. 0.]]",[0.35 0.27 0.   0.08 0.05 0.05 0.06 0.08 0.06],1
149,"[[-1.  0.  1.]
 [ 0.  0.  0.]
 [ 0.  0.  0.]]",[0.   0.3  0.   0.05 0.15 0.14 0.14 0.05 0.17],1
150,"[[-1.  1.  1.]
 [ 0.  0.  0.]
 [ 0.  0.  0.]]",[0.   0.   0.   0.06 0.05 0.06 0.04 0.04 0.75],1
151,"[[-1.  1.  1.]
 [ 0.  0.  0.]
 [ 0.  0. -1.]]",[0.   0.   0.   0.19 0.33 0.14 0.21 0.13 0.  ],1
152,"[[-1.  1.  1.]
 [ 0.  1.  0.]
 [ 0.  0. -1.]]",[0.   0.   0.   0.92 0.   0.02 0.03 0.03 0.  ],1
153,"[[-1.  1.  1.]
 [-1.  1.  0.]
 [ 0.  0. -1.]]",[0.   0.   0.   0.   0.   0.4  0.25 0.35 0.  ],1
154,"[[-1.  1.  1.]
 [-1.  1.  1.]
 [ 0.  0. -1.]]",[0.   0.   0.   0.   0.   0.   0.76 0.24 0.  ],1
155,"[[0. 0. 0.]
 [0. 0. 0.]
 [0. 0. 0.]]",[0.06 0.06 0.08 0.09 0.25 0.06 0.3  0.05 0.05],1
156,"[[0. 0. 0.]
 [0. 0. 0.]
 [1. 0. 0.]]",[0.37 0.08 0.07 0.05 0.08 0.21 0.   0.08 0.06],1
157,"[[-1.  0.  0.]
 [ 0.  0.  0.]
 [ 1.  0.  0.]]",[0.   0.05 0.13 0.07 0.05 0.16 0.   0.34 0.2 ],1
158,"[[-1.  0.  0.]
 [ 0.  0.  0.]
 [ 1.  1.  0.]]",[0.   0.05 0.04 0.05 0.77 0.04 0.   0.   0.05],1
159,"[[-1.  0.  0.]
 [ 0. -1.  0.]
 [ 1.  1.  0.]]",[0.   0.22 0.16 0.29 0.   0.21 0.   0.   0.12],1
160,"[[-1.  0.  0.]
 [ 1. -1.  0.]
 [ 1.  1.  0.]]",[0.   0.02 0.03 0.   0.   0.02 0.   0.   0.93],1
161,"[[0. 0. 0.]
 [0. 0. 0.]
 [0. 0. 0.]]",[0.06 0.06 0.06 0.05 0.07 0.09 0.04 0.06 0.51],0
162,"[[0. 0. 0.]
 [0. 0. 0.]
 [0. 0. 1.]]",[0.06 0.05 0.24 0.07 0.05 0.33 0.05 0.15 0.  ],0
163,"[[ 0.  0.  0.]
 [ 0.  0. -1.]
 [ 0.  0.  1.]]",[0.21 0.06 0.06 0.31 0.06 0.   0.05 0.25 0.  ],0
164,"[[ 0.  0.  0.]
 [ 1.  0. -1.]
 [ 0.  0.  1.]]",[0.06 0.3  0.19 0.   0.19 0.   0.06 0.2  0.  ],0
165,"[[ 0. -1.  0.]
 [ 1.  0. -1.]
 [ 0.  0.  1.]]",[0.11 0.   0.24 0.   0.3  0.   0.17 0.18 0.  ],0
166,"[[ 0. -1.  0.]
 [ 1.  1. -1.]
 [ 0.  0.  1.]]",[0.03 0.   0.84 0.   0.   0.   0.08 0.05 0.  ],0
167,"[[ 0. -1. -1.]
 [ 1.  1. -1.]
 [ 0.  0.  1.]]",[0.25 0.   0.   0.   0.   0.   0.41 0.34 0.  ],0
168,"[[ 0. -1. -1.]
 [ 1.  1. -1.]
 [ 1.  0.  1.]]",[0.48 0.   0.   0.   0.   0.   0.   0.52 0.  ],0
169,"[[ 0. -1. -1.]
 [ 1.  1. -1.]
 [ 1. -1.  1.]]",[1. 0. 0. 0. 0. 0. 0. 0. 0.],0
170,"[[0. 0. 0.]
 [0. 0. 0.]
 [0. 0. 0.]]",[0.07 0.08 0.09 0.07 0.4  0.08 0.05 0.07 0.09],0
171,"[[0. 0. 0.]
 [0. 1. 0.]
 [0. 0. 0.]]",[0.07 0.05 0.05 0.21 0.   0.07 0.04 0.44 0.07],0
172,"[[ 0.  0.  0.]
 [ 0.  1.  0.]
 [ 0. -1.  0.]]",[0.25 0.06 0.27 0.15 0.   0.06 0.13 0.   0.08],0
173,"[[ 0.  0.  1.]
 [ 0.  1.  0.]
 [ 0. -1.  0.]]",[0.21 0.1  0.   0.18 0.   0.24 0.06 0.   0.21],0
174,"[[ 0.  0.  1.]
 [ 0.  1. -1.]
 [ 0. -1.  0.]]",[0.18 0.25 0.   0.28 0.   0.   0.03 0.   0.26],0
175,"[[ 0.  0.  1.]
 [ 1.  1. -1.]
 [ 0. -1.  0.]]",[0.02 0.94 0.   0.   0.   0.   0.02 0.   0.02],0
176,"[[ 0. -1.  1.]
 [ 1.  1. -1.]
 [ 0. -1.  0.]]",[0.34 0.   0.   0.   0.   0.   0.12 0.   0.54],0
177,"[[ 0. -1.  1.]
 [ 1.  1. -1.]
 [ 0. -1.  1.]]",[0.61 0.   0.   0.   0.   0.   0.39 0.   0.  ],0
178,"[[-1. -1.  1.]
 [ 1.  1. -1.]
 [ 0. -1.  1.]]",[0. 0. 0. 0. 0. 0. 1. 0. 0.],0
179,"[[0. 0. 0.]
 [0. 0. 0.]
 [0. 0. 0.]]",[0.07 0.05 0.18 0.28 0.05 0.16 0.07 0.09 0.05],0
180,"[[0. 0. 0.]
 [1. 0. 0.]
 [0. 0. 0.]]",[0.07 0.09 0.07 0.   0.08 0.07 0.07 0.08 0.47],0
181,"[[ 0.  0.  0.]
 [ 1.  0.  0.]
 [ 0.  0. -1.]]",[0.2  0.05 0.29 0.   0.19 0.14 0.08 0.05 0.  ],0
182,"[[ 0.  0.  1.]
 [ 1.  0.  0.]
 [ 0.  0. -1.]]",[0.84 0.02 0.   0.   0.05 0.03 0.03 0.03 0.  ],0
183,"[[-1.  0.  1.]
 [ 1.  0.  0.]
 [ 0.  0. -1.]]",[0.   0.14 0.   0.   0.42 0.16 0.14 0.14 0.  ],0
184,"[[-1.  0.  1.]
 [ 1.  1.  0.]
 [ 0.  0. -1.]]",[0.   0.91 0.   0.   0.   0.02 0.02 0.05 0.  ],0
185,"[[-1. -1.  1.]
 [ 1.  1.  0.]
 [ 0.  0. -1.]]",[0.   0.   0.   0.   0.   0.3  0.23 0.47 0.  ],0
186,"[[-1. -1.  1.]
 [ 1.  1.  0.]
 [ 0.  1. -1.]]",[0.   0.   0.   0.   0.   0.38 0.62 0.   0.  ],0
187,"[[-1. -1.  1.]
 [ 1.  1.  0.]
 [-1.  1. -1.]]",[0. 0. 0. 0. 0. 1. 0. 0. 0.],0
188,"[[0. 0. 0.]
 [0. 0. 0.]
 [0. 0. 0.]]",[0.07 0.07 0.05 0.17 0.09 0.36 0.05 0.09 0.05],0
189,"[[0. 0. 0.]
 [0. 0. 1.]
 [0. 0. 0.]]",[0.31 0.07 0.07 0.07 0.07 0.   0.07 0.07 0.27],0
190,"[[-1.  0.  0.]
 [ 0.  0.  1.]
 [ 0.  0.  0.]]",[0.   0.19 0.17 0.07 0.06 0.   0.36 0.08 0.07],0
191,"[[-1.  0.  0.]
 [ 0.  0.  1.]
 [ 1.  0.  0.]]",[0.   0.24 0.22 0.19 0.15 0.   0.   0.14 0.06],0
192,"[[-1. -1.  0.]
 [ 0.  0.  1.]
 [ 1.  0.  0.]]",[0.   0.   0.3  0.17 0.13 0.   0.   0.24 0.16],0
193,"[[-1. -1.  1.]
 [ 0.  0.  1.]
 [ 1.  0.  0.]]",[0.   0.   0.   0.53 0.03 0.   0.   0.42 0.02],0
194,"[[-1. -1.  1.]
 [-1.  0.  1.]
 [ 1.  0.  0.]]",[0.   0.   0.   0.   0.27 0.   0.   0.39 0.34],0
195,"[[-1. -1.  1.]
 [-1.  0.  1.]
 [ 1.  1.  0.]]",[0.   0.   0.   0.   0.26 0.   0.   0.   0.74],0
196,"[[-1. -1.  1.]
 [-1.  0.  1.]
 [ 1.  1. -1.]]",[0. 0. 0. 0. 1. 0. 0. 0. 0.],0
197,"[[0. 0. 0.]
 [0. 0. 0.]
 [0. 0. 0.]]",[0.07 0.06 0.07 0.05 0.08 0.16 0.38 0.07 0.06],0
198,"[[0. 0. 0.]
 [0. 0. 0.]
 [1. 0. 0.]]",[0.06 0.08 0.07 0.34 0.06 0.06 0.   0.07 0.26],0
199,"[[ 0.  0.  0.]
 [-1.  0.  0.]
 [ 1.  0.  0.]]",[0.24 0.07 0.14 0.   0.18 0.06 0.   0.07 0.24],0
200,"[[ 1.  0.  0.]
 [-1.  0.  0.]
 [ 1.  0.  0.]]",[0.   0.34 0.05 0.   0.36 0.14 0.   0.06 0.05],0
201,"[[ 1.  0.  0.]
 [-1. -1.  0.]
 [ 1.  0.  0.]]",[0.   0.16 0.17 0.   0.   0.44 0.   0.12 0.11],0
202,"[[ 1.  0.  0.]
 [-1. -1.  1.]
 [ 1.  0.  0.]]",[0.   0.02 0.03 0.   0.   0.   0.   0.91 0.04],0
203,"[[ 1.  0.  0.]
 [-1. -1.  1.]
 [ 1. -1.  0.]]",[0.   0.37 0.37 0.   0.   0.   0.   0.   0.26],0
204,"[[ 1.  1.  0.]
 [-1. -1.  1.]
 [ 1. -1.  0.]]",[0.   0.   0.01 0.   0.   0.   0.   0.   0.99],0
205,"[[ 1.  1.  0.]
 [-1. -1.  1.]
 [ 1. -1. -1.]]",[0. 0. 1. 0. 0. 0. 0. 0. 0.],0
206,"[[0. 0. 0.]
 [0. 0. 0.]
 [0. 0. 0.]]",[0.05 0.48 0.05 0.08 0.08 0.08 0.07 0.05 0.06],1
207,"[[0. 1. 0.]
 [0. 0. 0.]
 [0. 0. 0.]]",[0.08 0.   0.32 0.07 0.06 0.15 0.06 0.18 0.08],1
208,"[[ 0.  1. -1.]
 [ 0.  0.  0.]
 [ 0.  0.  0.]]",[0.27 0.   0.   0.26 0.06 0.11 0.06 0.17 0.07],1
209,"[[ 1.  1. -1.]
 [ 0.  0.  0.]
 [ 0.  0.  0.]]",[0.   0.   0.   0.04 0.06 0.06 0.28 0.29 0.27],1
210,"[[ 1.  1. -1.]
 [ 0.  0.  0.]
 [ 0. -1.  0.]]",[0.   0.   0.   0.14 0.16 0.25 0.22 0.   0.23],1
211,"[[ 1.  1. -1.]
 [ 0.  0.  1.]
 [ 0. -1.  0.]]",[0.   0.   0.   0.04 0.04 0.   0.89 0.   0.03],1
212,"[[ 1.  1. -1.]
 [ 0.  0.  1.]
 [-1. -1.  0.]]",[0.   0.   0.   0.42 0.27 0.   0.   0.   0.31],1
213,"[[ 1.  1. -1.]
 [ 1.  0.  1.]
 [-1. -1.  0.]]",[0.   0.   0.   0.   0.67 0.   0.   0.   0.33],1
214,"[[0. 0. 0.]
 [0. 0. 0.]
 [0. 0. 0.]]",[0.07 0.33 0.08 0.07 0.07 0.09 0.16 0.06 0.07],0
215,"[[0. 1. 0.]
 [0. 0. 0.]
 [0. 0. 0.]]",[0.06 0.   0.07 0.24 0.06 0.4  0.06 0.05 0.06],0
216,"[[ 0.  1.  0.]
 [ 0.  0. -1.]
 [ 0.  0.  0.]]",[0.06 0.   0.08 0.09 0.3  0.   0.07 0.07 0.33],0
217,"[[ 0.  1.  0.]
 [ 0.  0. -1.]
 [ 0.  0.  1.]]",[0.09 0.   0.04 0.52 0.04 0.   0.26 0.05 0.  ],0
218,"[[ 0.  1.  0.]
 [-1.  0. -1.]
 [ 0.  0.  1.]]",[0.17 0.   0.15 0.   0.3  0.   0.15 0.23 0.  ],0
219,"[[ 0.  1.  0.]
 [-1.  1. -1.]
 [ 0.  0.  1.]]",[0.09 0.   0.03 0.   0.   0.   0.84 0.04 0.  ],0
220,"[[ 0.  1.  0.]
 [-1.  1. -1.]
 [-1.  0.  1.]]",[0.37 0.   0.43 0.   0.   0.   0.   0.2  0.  ],0
221,"[[ 0.  1.  1.]
 [-1.  1. -1.]
 [-1.  0.  1.]]",[0.49 0.   0.   0.   0.   0.   0.   0.51 0.  ],0
222,"[[ 0.  1.  1.]
 [-1.  1. -1.]
 [-1. -1.  1.]]",[1. 0. 0. 0. 0. 0. 0. 0. 0.],0
223,"[[0. 0. 0.]
 [0. 0. 0.]
 [0. 0. 0.]]",[0.07 0.09 0.08 0.08 0.06 0.08 0.07 0.38 0.09],0
224,"[[0. 0. 0.]
 [0. 0. 0.]
 [0. 1. 0.]]",[0.12 0.08 0.29 0.08 0.25 0.06 0.04 0.   0.08],0
225,"[[ 0.  0. -1.]
 [ 0.  0.  0.]
 [ 0.  1.  0.]]",[0.07 0.15 0.   0.37 0.06 0.06 0.05 0.   0.24],0
226,"[[ 0.  0. -1.]
 [ 1.  0.  0.]
 [ 0.  1.  0.]]",[0.06 0.74 0.   0.   0.05 0.05 0.06 0.   0.04],0
227,"[[ 0. -1. -1.]
 [ 1.  0.  0.]
 [ 0.  1.  0.]]",[0.38 0.   0.   0.   0.2  0.13 0.15 0.   0.14],0
228,"[[ 1. -1. -1.]
 [ 1.  0.  0.]
 [ 0.  1.  0.]]",[0.   0.   0.   0.   0.92 0.02 0.03 0.   0.03],0
229,"[[ 1. -1. -1.]
 [ 1. -1.  0.]
 [ 0.  1.  0.]]",[0.   0.   0.   0.   0.   0.31 0.43 0.   0.26],0
230,"[[0. 0. 0.]
 [0. 0. 0.]
 [0. 0. 0.]]",[0.08 0.39 0.08 0.09 0.08 0.08 0.06 0.08 0.06],0
231,"[[0. 1. 0.]
 [0. 0. 0.]
 [0. 0. 0.]]",[0.07 0.   0.05 0.06 0.28 0.05 0.05 0.07 0.37],0
232,"[[ 0.  1.  0.]
 [ 0.  0.  0.]
 [ 0.  0. -1.]]",[0.08 0.   0.05 0.14 0.26 0.35 0.05 0.07 0.  ],0
233,"[[ 0.  1.  0.]
 [ 0.  0.  1.]
 [ 0.  0. -1.]]",[0.05 0.   0.12 0.06 0.06 0.   0.54 0.17 0.  ],0
234,"[[ 0.  1.  0.]
 [ 0.  0.  1.]
 [-1.  0. -1.]]",[0.26 0.   0.15 0.13 0.14 0.   0.   0.32 0.  ],0
235,"[[ 0.  1.  0.]
 [ 0.  0.  1.]
 [-1.  1. -1.]]",[0.03 0.   0.02 0.92 0.03 0.   0.   0.   0.  ],0
236,"[[ 0.  1.  0.]
 [-1.  0.  1.]
 [-1.  1. -1.]]",[0.36 0.   0.34 0.   0.3  0.   0.   0.   0.  ],0
237,"[[ 1.  1.  0.]
 [-1.  0.  1.]
 [-1.  1. -1.]]",[0.   0.   0.58 0.   0.42 0.   0.   0.   0.  ],0
238,"[[ 1.  1. -1.]
 [-1.  0.  1.]
 [-1.  1. -1.]]",[0. 0. 0. 0. 1. 0. 0. 0. 0.],0
239,"[[0. 0. 0.]
 [0. 0. 0.]
 [0. 0. 0.]]",[0.05 0.06 0.06 0.42 0.08 0.08 0.07 0.09 0.09],1
240,"[[0. 0. 0.]
 [1. 0. 0.]
 [0. 0. 0.]]",[0.07 0.29 0.26 0.   0.08 0.07 0.08 0.08 0.07],1
241,"[[ 0. -1.  0.]
 [ 1.  0.  0.]
 [ 0.  0.  0.]]",[0.06 0.   0.05 0.   0.07 0.24 0.06 0.25 0.27],1
242,"[[ 0. -1.  0.]
 [ 1.  0.  0.]
 [ 0.  0.  1.]]",[0.06 0.   0.75 0.   0.04 0.04 0.06 0.05 0.  ],1
243,"[[ 0. -1. -1.]
 [ 1.  0.  0.]
 [ 0.  0.  1.]]",[0.29 0.   0.   0.   0.14 0.27 0.14 0.16 0.  ],1
244,"[[ 1. -1. -1.]
 [ 1.  0.  0.]
 [ 0.  0.  1.]]",[0.   0.   0.   0.   0.02 0.06 0.07 0.85 0.  ],1
245,"[[ 1. -1. -1.]
 [ 1.  0.  0.]
 [ 0. -1.  1.]]",[0.   0.   0.   0.   0.26 0.56 0.18 0.   0.  ],1
246,"[[ 1. -1. -1.]
 [ 1.  0.  1.]
 [ 0. -1.  1.]]",[0.   0.   0.   0.   0.59 0.   0.41 0.   0.  ],1
247,"[[0. 0. 0.]
 [0. 0. 0.]
 [0. 0. 0.]]",[0.08 0.07 0.07 0.07 0.06 0.06 0.07 0.42 0.1 ],0
248,"[[0. 0. 0.]
 [0. 0. 0.]
 [0. 1. 0.]]",[0.08 0.06 0.05 0.34 0.08 0.27 0.07 0.   0.05],0
249,"[[ 0.  0.  0.]
 [-1.  0.  0.]
 [ 0.  1.  0.]]",[0.18 0.06 0.05 0.   0.07 0.05 0.25 0.   0.34],0
250,"[[ 0.  0.  0.]
 [-1.  0.  0.]
 [ 0.  1.  1.]]",[0.04 0.04 0.03 0.   0.83 0.03 0.03 0.   0.  ],0
251,"[[ 0.  0.  0.]
 [-1. -1.  0.]
 [ 0.  1.  1.]]",[0.21 0.2  0.13 0.   0.   0.41 0.05 0.   0.  ],0
252,"[[ 0.  0.  0.]
 [-1. -1.  1.]
 [ 0.  1.  1.]]",[0.05 0.92 0.02 0.   0.   0.   0.01 0.   0.  ],0
253,"[[ 0. -1.  0.]
 [-1. -1.  1.]
 [ 0.  1.  1.]]",[0.5  0.   0.27 0.   0.   0.   0.23 0.   0.  ],0
254,"[[ 1. -1.  0.]
 [-1. -1.  1.]
 [ 0.  1.  1.]]",[0.   0.   0.22 0.   0.   0.   0.78 0.   0.  ],0
255,"[[ 1. -1.  0.]
 [-1. -1.  1.]
 [-1.  1.  1.]]",[0. 0. 1. 0. 0. 0. 0. 0. 0.],0
256,"[[0. 0. 0.]
 [0. 0. 0.]
 [0. 0. 0.]]",[0.09 0.08 0.08 0.09 0.08 0.09 0.04 0.07 0.38],0
257,"[[0. 0. 0.]
 [0. 0. 0.]
 [0. 0. 1.]]",[0.08 0.06 0.12 0.24 0.05 0.05 0.07 0.33 0.  ],0
258,"[[ 0.  0.  0.]
 [ 0.  0.  0.]
 [ 0. -1.  1.]]",[0.18 0.13 0.19 0.2  0.11 0.14 0.05 0.   0.  ],0
259,"[[ 0.  0.  0.]
 [ 1.  0.  0.]
 [ 0. -1.  1.]]",[0.06 0.41 0.04 0.   0.24 0.2  0.05 0.   0.  ],0
260,"[[ 0. -1.  0.]
 [ 1.  0.  0.]
 [ 0. -1.  1.]]",[0.25 0.   0.14 0.   0.3  0.15 0.16 0.   0.  ],0
261,"[[ 0. -1.  0.]
 [ 1.  1.  0.]
 [ 0. -1.  1.]]",[0.05 0.   0.83 0.   0.   0.09 0.03 0.   0.  ],0
262,"[[ 0. -1. -1.]
 [ 1.  1.  0.]
 [ 0. -1.  1.]]",[0.29 0.   0.   0.   0.   0.36 0.35 0.   0.  ],0
263,"[[0. 0. 0.]
 [0. 0. 0.]
 [0. 0. 0.]]",[0.07 0.08 0.2  0.05 0.09 0.08 0.05 0.32 0.06],0
264,"[[0. 0. 0.]
 [0. 0. 0.]
 [0. 1. 0.]]",[0.07 0.45 0.05 0.17 0.06 0.07 0.05 0.   0.08],0
265,"[[ 0. -1.  0.]
 [ 0.  0.  0.]
 [ 0.  1.  0.]]",[0.24 0.   0.31 0.07 0.2  0.06 0.06 0.   0.06],0
266,"[[ 0. -1.  1.]
 [ 0.  0.  0.]
 [ 0.  1.  0.]]",[0.14 0.   0.   0.06 0.29 0.25 0.05 0.   0.21],0
267,"[[ 0. -1.  1.]
 [ 0. -1.  0.]
 [ 0.  1.  0.]]",[0.18 0.   0.   0.35 0.   0.16 0.2  0.   0.11],0
268,"[[ 0. -1.  1.]
 [ 1. -1.  0.]
 [ 0.  1.  0.]]",[0.03 0.   0.   0.   0.   0.03 0.04 0.   0.9 ],0
269,"[[ 0. -1.  1.]
 [ 1. -1.  0.]
 [ 0.  1. -1.]]",[0.45 0.   0.   0.   0.   0.26 0.29 0.   0.  ],0
270,"[[ 1. -1.  1.]
 [ 1. -1.  0.]
 [ 0.  1. -1.]]",[0.   0.   0.   0.   0.   0.98 0.02 0.   0.  ],0
271,"[[ 1. -1.  1.]
 [ 1. -1. -1.]
 [ 0.  1. -1.]]",[0. 0. 0. 0. 0. 0. 1. 0. 0.],0
272,"[[0. 0. 0.]
 [0. 0. 0.]
 [0. 0. 0.]]",[0.08 0.05 0.06 0.22 0.06 0.27 0.07 0.08 0.11],0
273,"[[0. 0. 0.]
 [0. 0. 1.]
 [0. 0. 0.]]",[0.06 0.28 0.08 0.06 0.05 0.   0.08 0.06 0.33],0
274,"[[ 0.  0.  0.]
 [ 0.  0.  1.]
 [ 0.  0. -1.]]",[0.38 0.06 0.3  0.06 0.06 0.   0.07 0.07 0.  ],0
275,"[[ 1.  0.  0.]
 [ 0.  0.  1.]
 [ 0.  0. -1.]]",[0.   0.22 0.1  0.21 0.24 0.   0.06 0.17 0.  ],0
276,"[[ 1.  0.  0.]
 [ 0. -1.  1.]
 [ 0.  0. -1.]]",[0.   0.17 0.09 0.18 0.   0.   0.16 0.4  0.  ],0
277,"[[ 1.  0.  0.]
 [ 0. -1.  1.]
 [ 0.  1. -1.]]",[0.   0.04 0.04 0.04 0.   0.   0.88 0.   0.  ],0
278,"[[ 1.  0.  0.]
 [ 0. -1.  1.]
 [-1.  1. -1.]]",[0.   0.35 0.38 0.27 0.   0.   0.   0.   0.  ],0
279,"[[ 1.  0.  1.]
 [ 0. -1.  1.]
 [-1.  1. -1.]]",[0.   0.02 0.   0.98 0.   0.   0.   0.   0.  ],0
280,"[[ 1.  0.  1.]
 [-1. -1.  1.]
 [-1.  1. -1.]]",[0. 1. 0. 0. 0. 0. 0. 0. 0.],0
281,"[[0. 0. 0.]
 [0. 0. 0.]
 [0. 0. 0.]]",[0.06 0.05 0.36 0.06 0.17 0.09 0.08 0.07 0.06],1
282,"[[0. 0. 1.]
 [0. 0. 0.]
 [0. 0. 0.]]",[0.06 0.05 0.   0.07 0.13 0.21 0.05 0.05 0.38],1
283,"[[ 0.  0.  1.]
 [ 0.  0.  0.]
 [ 0.  0. -1.]]",[0.08 0.05 0.   0.05 0.16 0.24 0.2  0.22 0.  ],1
284,"[[ 0.  0.  1.]
 [ 0.  0.  1.]
 [ 0.  0. -1.]]",[0.05 0.06 0.   0.04 0.5  0.   0.04 0.31 0.  ],1
285,"[[ 0.  0.  1.]
 [ 0. -1.  1.]
 [ 0.  0. -1.]]",[0.42 0.16 0.   0.14 0.   0.   0.13 0.15 0.  ],1
286,"[[ 1.  0.  1.]
 [ 0. -1.  1.]
 [ 0.  0. -1.]]",[0.   0.02 0.   0.05 0.   0.   0.08 0.85 0.  ],1
287,"[[ 1.  0.  1.]
 [ 0. -1.  1.]
 [ 0. -1. -1.]]",[0.   0.27 0.   0.39 0.   0.   0.34 0.   0.  ],1
288,"[[ 1.  0.  1.]
 [ 1. -1.  1.]
 [ 0. -1. -1.]]",[0.   0.63 0.   0.   0.   0.   0.37 0.   0.  ],1
289,"[[0. 0. 0.]
 [0. 0. 0.]
 [0. 0. 0.]]",[0.06 0.3  0.24 0.06 0.06 0.09 0.05 0.09 0.05],0
290,"[[0. 1. 0.]
 [0. 0. 0.]
 [0. 0. 0.]]",[0.37 0.   0.07 0.25 0.05 0.07 0.05 0.06 0.08],0
291,"[[-1.  1.  0.]
 [ 0.  0.  0.]
 [ 0.  0.  0.]]",[0.   0.   0.07 0.13 0.19 0.19 0.05 0.16 0.21],0
292,"[[-1.  1.  0.]
 [ 0.  0.  0.]
 [ 0.  0.  1.]]",[0.   0.   0.06 0.28 0.06 0.28 0.21 0.11 0.  ],0
293,"[[-1.  1.  0.]
 [-1.  0.  0.]
 [ 0.  0.  1.]]",[0.   0.   0.18 0.   0.14 0.16 0.39 0.13 0.  ],0
294,"[[-1.  1.  0.]
 [-1.  0.  0.]
 [ 1.  0.  1.]]",[0.   0.   0.02 0.   0.03 0.92 0.   0.03 0.  ],0
295,"[[-1.  1.  0.]
 [-1.  0. -1.]
 [ 1.  0.  1.]]",[0.   0.   0.36 0.   0.48 0.   0.   0.16 0.  ],0
296,"[[-1.  1.  0.]
 [-1.  1. -1.]
 [ 1.  0.  1.]]",[0.   0.   0.36 0.   0.   0.   0.   0.64 0.  ],0
297,"[[-1.  1.  0.]
 [-1.  1. -1.]
 [ 1. -1.  1.]]",[0. 0. 1. 0. 0. 0. 0. 0. 0.],0
298,"[[0. 0. 0.]
 [0. 0. 0.]
 [0. 0. 0.]]",[0.09 0.09 0.06 0.06 0.16 0.05 0.07 0.35 0.07],1
299,"[[0. 0. 0.]
 [0. 0. 0.]
 [0. 1. 0.]]",[0.08 0.08 0.05 0.31 0.16 0.05 0.23 0.   0.04],1
300,"[[ 0.  0.  0.]
 [-1.  0.  0.]
 [ 0.  1.  0.]]",[0.06 0.16 0.07 0.   0.05 0.37 0.04 0.   0.25],1
301,"[[ 0.  0.  0.]
 [-1.  0.  1.]
 [ 0.  1.  0.]]",[0.74 0.04 0.06 0.   0.05 0.   0.05 0.   0.06],1
302,"[[-1.  0.  0.]
 [-1.  0.  1.]
 [ 0.  1.  0.]]",[0.   0.11 0.17 0.   0.13 0.   0.4  0.   0.19],1
303,"[[-1.  0.  0.]
 [-1.  0.  1.]
 [ 1.  1.  0.]]",[0.   0.02 0.02 0.   0.93 0.   0.   0.   0.03],1
304,"[[-1.  0.  0.]
 [-1. -1.  1.]
 [ 1.  1.  0.]]",[0.   0.51 0.35 0.   0.   0.   0.   0.   0.14],1
305,"[[-1.  1.  0.]
 [-1. -1.  1.]
 [ 1.  1.  0.]]",[0.   0.   0.27 0.   0.   0.   0.   0.   0.73],1
306,"[[0. 0. 0.]
 [0. 0. 0.]
 [0. 0. 0.]]",[0.05 0.04 0.06 0.05 0.28 0.15 0.05 0.25 0.07],0
307,"[[0. 0. 0.]
 [0. 1. 0.]
 [0. 0. 0.]]",[0.28 0.07 0.17 0.21 0.   0.06 0.08 0.07 0.06],0
308,"[[-1.  0.  0.]
 [ 0.  1.  0.]
 [ 0.  0.  0.]]",[0.   0.15 0.16 0.22 0.   0.13 0.06 0.08 0.2 ],0
309,"[[-1.  0.  0.]
 [ 1.  1.  0.]
 [ 0.  0.  0.]]",[0.   0.78 0.02 0.   0.   0.03 0.03 0.11 0.03],0
310,"[[-1. -1.  0.]
 [ 1.  1.  0.]
 [ 0.  0.  0.]]",[0.   0.   0.34 0.   0.   0.09 0.2  0.16 0.21],0
311,"[[-1. -1.  1.]
 [ 1.  1.  0.]
 [ 0.  0.  0.]]",[0.   0.   0.   0.   0.   0.06 0.04 0.06 0.84],0
312,"[[-1. -1.  1.]
 [ 1.  1.  0.]
 [ 0.  0. -1.]]",[0.   0.   0.   0.   0.   0.22 0.19 0.59 0.  ],0
313,"[[-1. -1.  1.]
 [ 1.  1.  0.]
 [ 0.  1. -1.]]",[0.   0.   0.   0.   0.   0.28 0.72 0.   0.  ],0
314,"[[-1. -1.  1.]
 [ 1.  1.  0.]
 [-1.  1. -1.]]",[0. 0. 0. 0. 0. 1. 0. 0. 0.],0
315,"[[0. 0. 0.]
 [0. 0. 0.]
 [0. 0. 0.]]",[0.05 0.09 0.07 0.08 0.32 0.05 0.04 0.09 0.21],1
316,"[[0. 0. 0.]
 [0. 1. 0.]
 [0. 0. 0.]]",[0.15 0.08 0.44 0.06 0.   0.05 0.07 0.07 0.08],1
317,"[[ 0.  0. -1.]
 [ 0.  1.  0.]
 [ 0.  0.  0.]]",[0.3  0.26 0.   0.16 0.   0.06 0.06 0.1  0.06],1
318,"[[ 1.  0. -1.]
 [ 0.  1.  0.]
 [ 0.  0.  0.]]",[0.   0.04 0.   0.05 0.   0.64 0.03 0.21 0.03],1
319,"[[ 1.  0. -1.]
 [ 0.  1. -1.]
 [ 0.  0.  0.]]",[0.   0.24 0.   0.23 0.   0.   0.26 0.2  0.07],1
320,"[[ 1.  0. -1.]
 [ 0.  1. -1.]
 [ 1.  0.  0.]]",[0.   0.03 0.   0.02 0.   0.   0.   0.05 0.9 ],1
321,"[[0. 0. 0.]
 [0. 0. 0.]
 [0. 0. 0.]]",[0.09 0.07 0.07 0.05 0.24 0.06 0.05 0.29 0.08],1
322,"[[0. 0. 0.]
 [0. 0. 0.]
 [0. 1. 0.]]",[0.16 0.07 0.11 0.06 0.06 0.05 0.06 0.   0.43],1
323,"[[ 0.  0.  0.]
 [ 0.  0.  0.]
 [ 0.  1. -1.]]",[0.21 0.15 0.31 0.05 0.05 0.17 0.06 0.   0.  ],1
324,"[[ 0.  0.  1.]
 [ 0.  0.  0.]
 [ 0.  1. -1.]]",[0.05 0.13 0.   0.06 0.38 0.16 0.22 0.   0.  ],1
325,"[[ 0.  0.  1.]
 [ 0. -1.  0.]
 [ 0.  1. -1.]]",[0.5  0.11 0.   0.14 0.   0.11 0.14 0.   0.  ],1
326,"[[ 1.  0.  1.]
 [ 0. -1.  0.]
 [ 0.  1. -1.]]",[0.   0.04 0.   0.86 0.   0.05 0.05 0.   0.  ],1
327,"[[ 1.  0.  1.]
 [-1. -1.  0.]
 [ 0.  1. -1.]]",[0.   0.15 0.   0.   0.   0.39 0.46 0.   0.  ],1
328,"[[ 1.  0.  1.]
 [-1. -1.  0.]
 [ 1.  1. -1.]]",[0.   0.02 0.   0.   0.   0.98 0.   0.   0.  ],1
329,"[[0. 0. 0.]
 [0. 0. 0.]
 [0. 0. 0.]]",[0.05 0.21 0.08 0.05 0.06 0.05 0.05 0.05 0.4 ],0
330,"[[0. 0. 0.]
 [0. 0. 0.]
 [0. 0. 1.]]",[0.39 0.06 0.07 0.06 0.05 0.06 0.25 0.06 0.  ],0
331,"[[-1.  0.  0.]
 [ 0.  0.  0.]
 [ 0.  0.  1.]]",[0.   0.3  0.2  0.05 0.06 0.12 0.21 0.06 0.  ],0
332,"[[-1.  1.  0.]
 [ 0.  0.  0.]
 [ 0.  0.  1.]]",[0.   0.   0.03 0.47 0.15 0.06 0.25 0.04 0.  ],0
333,"[[-1.  1.  0.]
 [-1.  0.  0.]
 [ 0.  0.  1.]]",[0.   0.   0.18 0.   0.12 0.12 0.45 0.13 0.  ],0
334,"[[-1.  1.  0.]
 [-1.  0.  0.]
 [ 1.  0.  1.]]",[0.   0.   0.03 0.   0.03 0.91 0.   0.03 0.  ],0
335,"[[-1.  1.  0.]
 [-1.  0. -1.]
 [ 1.  0.  1.]]",[0.   0.   0.37 0.   0.42 0.   0.   0.21 0.  ],0
336,"[[-1.  1.  0.]
 [-1.  1. -1.]
 [ 1.  0.  1.]]",[0.   0.   0.59 0.   0.   0.   0.   0.41 0.  ],0
337,"[[-1.  1. -1.]
 [-1.  1. -1.]
 [ 1.  0.  1.]]",[0. 0. 0. 0. 0. 0. 0. 1. 0.],0
338,"[[0. 0. 0.]
 [0. 0. 0.]
 [0. 0. 0.]]",[0.09 0.06 0.11 0.07 0.41 0.06 0.07 0.06 0.07],1
339,"[[0. 0. 0.]
 [0. 1. 0.]
 [0. 0. 0.]]",[0.15 0.08 0.05 0.06 0.   0.06 0.08 0.07 0.45],1
340,"[[ 0.  0.  0.]
 [ 0.  1.  0.]
 [ 0.  0. -1.]]",[0.29 0.05 0.15 0.06 0.   0.21 0.19 0.05 0.  ],1
341,"[[ 1.  0.  0.]
 [ 0.  1.  0.]
 [ 0.  0. -1.]]",[0.   0.05 0.77 0.04 0.   0.05 0.04 0.05 0.  ],1
342,"[[ 1.  0. -1.]
 [ 0.  1.  0.]
 [ 0.  0. -1.]]",[0.   0.13 0.   0.16 0.   0.44 0.15 0.12 0.  ],1
343,"[[ 1.  0. -1.]
 [ 0.  1.  1.]
 [ 0.  0. -1.]]",[0.   0.08 0.   0.04 0.   0.   0.02 0.86 0.  ],1
344,"[[ 1.  0. -1.]
 [ 0.  1.  1.]
 [ 0. -1. -1.]]",[0.   0.38 0.   0.24 0.   0.   0.38 0.   0.  ],1
345,"[[ 1.  1. -1.]
 [ 0.  1.  1.]
 [ 0. -1. -1.]]",[0.   0.   0.   0.04 0.   0.   0.96 0.   0.  ],1
346,"[[0. 0. 0.]
 [0. 0. 0.]
 [0. 0. 0.]]",[0.08 0.08 0.07 0.29 0.09 0.08 0.06 0.06 0.19],0
347,"[[0. 0. 0.]
 [1. 0. 0.]
 [0. 0. 0.]]",[0.05 0.04 0.33 0.   0.27 0.04 0.14 0.06 0.07],0
348,"[[ 0.  0. -1.]
 [ 1.  0.  0.]
 [ 0.  0.  0.]]",[0.05 0.06 0.   0.   0.1  0.14 0.09 0.31 0.25],0
349,"[[ 0.  0. -1.]
 [ 1.  0.  0.]
 [ 0.  1.  0.]]",[0.04 0.05 0.   0.   0.05 0.77 0.05 0.   0.04],0
350,"[[ 0.  0. -1.]
 [ 1.  0. -1.]
 [ 0.  1.  0.]]",[0.15 0.13 0.   0.   0.17 0.   0.11 0.   0.44],0
351,"[[ 0.  0. -1.]
 [ 1.  0. -1.]
 [ 0.  1.  1.]]",[0.93 0.02 0.   0.   0.02 0.   0.03 0.   0.  ],0
352,"[[-1.  0. -1.]
 [ 1.  0. -1.]
 [ 0.  1.  1.]]",[0.   0.42 0.   0.   0.4  0.   0.18 0.   0.  ],0
353,"[[-1.  1. -1.]
 [ 1.  0. -1.]
 [ 0.  1.  1.]]",[0.   0.   0.   0.   0.44 0.   0.56 0.   0.  ],0
354,"[[-1.  1. -1.]
 [ 1.  0. -1.]
 [-1.  1.  1.]]",[0. 0. 0. 0. 1. 0. 0. 0. 0.],0
355,"[[0. 0. 0.]
 [0. 0. 0.]
 [0. 0. 0.]]",[0.07 0.06 0.06 0.09 0.46 0.06 0.07 0.06 0.07],0
356,"[[0. 0. 0.]
 [0. 1. 0.]
 [0. 0. 0.]]",[0.05 0.08 0.2  0.05 0.   0.08 0.05 0.08 0.41],0
357,"[[ 0.  0.  0.]
 [ 0.  1.  0.]
 [ 0.  0. -1.]]",[0.19 0.22 0.21 0.06 0.   0.2  0.06 0.06 0.  ],0
358,"[[ 0.  1.  0.]
 [ 0.  1.  0.]
 [ 0.  0. -1.]]",[0.05 0.   0.04 0.03 0.   0.81 0.03 0.04 0.  ],0
359,"[[ 0.  1.  0.]
 [ 0.  1. -1.]
 [ 0.  0. -1.]]",[0.17 0.   0.24 0.22 0.   0.   0.23 0.14 0.  ],0
360,"[[ 0.  1.  1.]
 [ 0.  1. -1.]
 [ 0.  0. -1.]]",[0.02 0.   0.   0.49 0.   0.   0.05 0.44 0.  ],0
361,"[[ 0.  1.  1.]
 [-1.  1. -1.]
 [ 0.  0. -1.]]",[0.36 0.   0.   0.   0.   0.   0.34 0.3  0.  ],0
362,"[[0. 0. 0.]
 [0. 0. 0.]
 [0. 0. 0.]]",[0.07 0.06 0.05 0.07 0.28 0.05 0.3  0.05 0.07],1
363,"[[0. 0. 0.]
 [0. 0. 0.]
 [1. 0. 0.]]",[0.21 0.07 0.06 0.07 0.08 0.07 0.   0.06 0.38],1
364,"[[ 0.  0.  0.]
 [ 0.  0.  0.]
 [ 1.  0. -1.]]",[0.19 0.33 0.06 0.08 0.07 0.06 0.   0.21 0.  ],1
365,"[[ 0.  1.  0.]
 [ 0.  0.  0.]
 [ 1.  0. -1.]]",[0.64 0.   0.16 0.04 0.06 0.04 0.   0.06 0.  ],1
366,"[[-1.  1.  0.]
 [ 0.  0.  0.]
 [ 1.  0. -1.]]",[0.   0.   0.16 0.14 0.26 0.23 0.   0.21 0.  ],1
367,"[[-1.  1.  0.]
 [ 0.  1.  0.]
 [ 1.  0. -1.]]",[0.   0.   0.03 0.03 0.   0.9  0.   0.04 0.  ],1
368,"[[-1.  1.  0.]
 [ 0.  1. -1.]
 [ 1.  0. -1.]]",[0.   0.   0.26 0.38 0.   0.   0.   0.36 0.  ],1
369,"[[-1.  1.  0.]
 [ 1.  1. -1.]
 [ 1.  0. -1.]]",[0.   0.   0.52 0.   0.   0.   0.   0.48 0.  ],1
370,"[[0. 0. 0.]
 [0. 0. 0.]
 [0. 0. 0.]]",[0.09 0.05 0.06 0.21 0.09 0.06 0.3  0.07 0.07],0
371,"[[0. 0. 0.]
 [0. 0. 0.]
 [1. 0. 0.]]",[0.05 0.05 0.06 0.08 0.11 0.07 0.   0.33 0.25],0
372,"[[ 0.  0.  0.]
 [ 0.  0.  0.]
 [ 1. -1.  0.]]",[0.07 0.29 0.21 0.07 0.06 0.25 0.   0.   0.05],0
373,"[[ 0.  1.  0.]
 [ 0.  0.  0.]
 [ 1. -1.  0.]]",[0.25 0.   0.14 0.31 0.06 0.06 0.   0.   0.18],0
374,"[[ 0.  1.  0.]
 [-1.  0.  0.]
 [ 1. -1.  0.]]",[0.12 0.   0.12 0.   0.23 0.24 0.   0.   0.29],0
375,"[[ 0.  1.  0.]
 [-1.  0.  0.]
 [ 1. -1.  1.]]",[0.58 0.   0.31 0.   0.07 0.04 0.   0.   0.  ],0
376,"[[-1.  1.  0.]
 [-1.  0.  0.]
 [ 1. -1.  1.]]",[0.   0.   0.39 0.   0.3  0.31 0.   0.   0.  ],0
377,"[[-1.  1.  1.]
 [-1.  0.  0.]
 [ 1. -1.  1.]]",[0.   0.   0.   0.   0.26 0.74 0.   0.   0.  ],0
378,"[[-1.  1.  1.]
 [-1.  0. -1.]
 [ 1. -1.  1.]]",[0. 0. 0. 0. 1. 0. 0. 0. 0.],0
379,"[[0. 0. 0.]
 [0. 0. 0.]
 [0. 0. 0.]]",[0.05 0.05 0.09 0.16 0.18 0.05 0.06 0.3  0.06],0
380,"[[0. 0. 0.]
 [0. 0. 0.]
 [0. 1. 0.]]",[0.07 0.07 0.08 0.05 0.11 0.08 0.07 0.   0.47],0
381,"[[ 0.  0.  0.]
 [ 0.  0.  0.]
 [ 0.  1. -1.]]",[0.32 0.06 0.07 0.33 0.1  0.05 0.07 0.   0.  ],0
382,"[[ 0.  0.  0.]
 [ 1.  0.  0.]
 [ 0.  1. -1.]]",[0.75 0.06 0.04 0.   0.06 0.04 0.05 0.   0.  ],0
383,"[[-1.  0.  0.]
 [ 1.  0.  0.]
 [ 0.  1. -1.]]",[0.   0.16 0.16 0.   0.33 0.17 0.18 0.   0.  ],0
384,"[[-1.  0.  0.]
 [ 1.  1.  0.]
 [ 0.  1. -1.]]",[0.   0.07 0.04 0.   0.   0.04 0.85 0.   0.  ],0
385,"[[-1.  0.  0.]
 [ 1.  1.  0.]
 [-1.  1. -1.]]",[0.   0.28 0.48 0.   0.   0.24 0.   0.   0.  ],0
386,"[[-1.  0.  1.]
 [ 1.  1.  0.]
 [-1.  1. -1.]]",[0.   0.44 0.   0.   0.   0.56 0.   0.   0.  ],0
387,"[[-1.  0.  1.]
 [ 1.  1. -1.]
 [-1.  1. -1.]]",[0. 1. 0. 0. 0. 0. 0. 0. 0.],0
388,"[[0. 0. 0.]
 [0. 0. 0.]
 [0. 0. 0.]]",[0.07 0.07 0.06 0.05 0.08 0.08 0.08 0.29 0.22],0
389,"[[0. 0. 0.]
 [0. 0. 0.]
 [0. 1. 0.]]",[0.27 0.08 0.05 0.07 0.07 0.06 0.34 0.   0.06],0
390,"[[ 0.  0.  0.]
 [ 0.  0.  0.]
 [-1.  1.  0.]]",[0.36 0.07 0.07 0.07 0.1  0.26 0.   0.   0.07],0
391,"[[ 1.  0.  0.]
 [ 0.  0.  0.]
 [-1.  1.  0.]]",[0.   0.29 0.06 0.06 0.05 0.3  0.   0.   0.24],0
392,"[[ 1.  0.  0.]
 [ 0.  0. -1.]
 [-1.  1.  0.]]",[0.   0.14 0.19 0.35 0.12 0.   0.   0.   0.2 ],0
393,"[[ 1.  0.  0.]
 [ 1.  0. -1.]
 [-1.  1.  0.]]",[0.   0.03 0.03 0.   0.91 0.   0.   0.   0.03],0
394,"[[ 1.  0.  0.]
 [ 1. -1. -1.]
 [-1.  1.  0.]]",[0.   0.29 0.4  0.   0.   0.   0.   0.   0.31],0
395,"[[ 1.  0.  1.]
 [ 1. -1. -1.]
 [-1.  1.  0.]]",[0.   0.02 0.   0.   0.   0.   0.   0.   0.98],0
396,"[[ 1.  0.  1.]
 [ 1. -1. -1.]
 [-1.  1. -1.]]",[0. 1. 0. 0. 0. 0. 0. 0. 0.],0
397,"[[0. 0. 0.]
 [0. 0. 0.]
 [0. 0. 0.]]",[0.22 0.31 0.04 0.07 0.06 0.07 0.08 0.07 0.08],1
398,"[[0. 1. 0.]
 [0. 0. 0.]
 [0. 0. 0.]]",[0.26 0.   0.08 0.08 0.36 0.05 0.04 0.05 0.08],1
399,"[[ 0.  1.  0.]
 [ 0. -1.  0.]
 [ 0.  0.  0.]]",[0.05 0.   0.06 0.05 0.   0.3  0.26 0.07 0.21],1
400,"[[ 0.  1.  0.]
 [ 0. -1.  1.]
 [ 0.  0.  0.]]",[0.05 0.   0.04 0.04 0.   0.   0.65 0.16 0.06],1
401,"[[ 0.  1.  0.]
 [ 0. -1.  1.]
 [-1.  0.  0.]]",[0.31 0.   0.24 0.15 0.   0.   0.   0.14 0.16],1
402,"[[ 1.  1.  0.]
 [ 0. -1.  1.]
 [-1.  0.  0.]]",[0.   0.   0.88 0.04 0.   0.   0.   0.04 0.04],1
403,"[[0. 0. 0.]
 [0. 0. 0.]
 [0. 0. 0.]]",[0.05 0.05 0.06 0.22 0.29 0.05 0.05 0.05 0.18],0
404,"[[0. 0. 0.]
 [0. 1. 0.]
 [0. 0. 0.]]",[0.07 0.06 0.06 0.08 0.   0.07 0.41 0.06 0.19],0
405,"[[ 0.  0.  0.]
 [ 0.  1.  0.]
 [-1.  0.  0.]]",[0.06 0.19 0.14 0.24 0.   0.06 0.   0.24 0.07],0
406,"[[ 0.  0.  0.]
 [ 1.  1.  0.]
 [-1.  0.  0.]]",[0.06 0.03 0.03 0.   0.   0.03 0.   0.81 0.04],0
407,"[[ 0.  0.  0.]
 [ 1.  1.  0.]
 [-1. -1.  0.]]",[0.18 0.18 0.15 0.   0.   0.07 0.   0.   0.42],0
408,"[[ 0.  0.  0.]
 [ 1.  1.  0.]
 [-1. -1.  1.]]",[0.03 0.9  0.03 0.   0.   0.04 0.   0.   0.  ],0
409,"[[ 0. -1.  0.]
 [ 1.  1.  0.]
 [-1. -1.  1.]]",[0.39 0.   0.4  0.   0.   0.21 0.   0.   0.  ],0
410,"[[ 0. -1.  1.]
 [ 1.  1.  0.]
 [-1. -1.  1.]]",[0.64 0.   0.   0.   0.   0.36 0.   0.   0.  ],0
411,"[[-1. -1.  1.]
 [ 1.  1.  0.]
 [-1. -1.  1.]]",[0. 0. 0. 0. 0. 1. 0. 0. 0.],0
412,"[[0. 0. 0.]
 [0. 0. 0.]
 [0. 0. 0.]]",[0.06 0.04 0.06 0.05 0.37 0.07 0.07 0.07 0.21],0
413,"[[0. 0. 0.]
 [0. 1. 0.]
 [0. 0. 0.]]",[0.06 0.39 0.1  0.21 0.   0.06 0.06 0.06 0.06],0
414,"[[ 0. -1.  0.]
 [ 0.  1.  0.]
 [ 0.  0.  0.]]",[0.06 0.   0.07 0.16 0.   0.12 0.11 0.39 0.09],0
415,"[[ 0. -1.  0.]
 [ 0.  1.  0.]
 [ 0.  1.  0.]]",[0.81 0.   0.04 0.04 0.   0.04 0.03 0.   0.04],0
416,"[[-1. -1.  0.]
 [ 0.  1.  0.]
 [ 0.  1.  0.]]",[0.   0.   0.34 0.15 0.   0.21 0.15 0.   0.15],0
417,"[[-1. -1.  1.]
 [ 0.  1.  0.]
 [ 0.  1.  0.]]",[0.   0.   0.   0.02 0.   0.94 0.02 0.   0.02],0
418,"[[-1. -1.  1.]
 [ 0.  1. -1.]
 [ 0.  1.  0.]]",[0.   0.   0.   0.33 0.   0.   0.13 0.   0.54],0
419,"[[-1. -1.  1.]
 [ 0.  1. -1.]
 [ 0.  1.  1.]]",[0.   0.   0.   0.96 0.   0.   0.04 0.   0.  ],0
420,"[[-1. -1.  1.]
 [-1.  1. -1.]
 [ 0.  1.  1.]]",[0. 0. 0. 0. 0. 0. 1. 0. 0.],0
421,"[[0. 0. 0.]
 [0. 0. 0.]
 [0. 0. 0.]]",[0.06 0.05 0.08 0.48 0.08 0.05 0.04 0.07 0.09],1
422,"[[0. 0. 0.]
 [1. 0. 0.]
 [0. 0. 0.]]",[0.06 0.07 0.07 0.   0.05 0.24 0.38 0.06 0.07],1
423,"[[ 0.  0.  0.]
 [ 1.  0.  0.]
 [-1.  0.  0.]]",[0.33 0.07 0.06 0.   0.26 0.15 0.   0.07 0.06],1
424,"[[ 1.  0.  0.]
 [ 1.  0.  0.]
 [-1.  0.  0.]]",[0.   0.05 0.05 0.   0.05 0.27 0.   0.05 0.53],1
425,"[[ 1.  0.  0.]
 [ 1.  0.  0.]
 [-1.  0. -1.]]",[0.   0.13 0.16 0.   0.12 0.13 0.   0.46 0.  ],1
426,"[[ 1.  0.  0.]
 [ 1.  0.  0.]
 [-1.  1. -1.]]",[0.   0.04 0.9  0.   0.03 0.03 0.   0.   0.  ],1
427,"[[ 1.  0. -1.]
 [ 1.  0.  0.]
 [-1.  1. -1.]]",[0.   0.27 0.   0.   0.35 0.38 0.   0.   0.  ],1
428,"[[ 1.  0. -1.]
 [ 1.  0.  1.]
 [-1.  1. -1.]]",[0.   0.18 0.   0.   0.82 0.   0.   0.   0.  ],1
429,"[[0. 0. 0.]
 [0. 0. 0.]
 [0. 0. 0.]]",[0.41 0.05 0.07 0.06 0.07 0.11 0.07 0.07 0.09],0
430,"[[1. 0. 0.]
 [0. 0. 0.]
 [0. 0. 0.]]",[0.   0.05 0.15 0.08 0.06 0.47 0.07 0.07 0.05],0
431,"[[ 1.  0.  0.]
 [ 0.  0. -1.]
 [ 0.  0.  0.]]",[0.   0.08 0.05 0.21 0.06 0.   0.06 0.35 0.19],0
432,"[[ 1.  0.  0.]
 [ 0.  0. -1.]
 [ 0.  1.  0.]]",[0.   0.2  0.58 0.06 0.04 0.   0.09 0.   0.03],0
433,"[[ 1.  0. -1.]
 [ 0.  0. -1.]
 [ 0.  1.  0.]]",[0.   0.19 0.   0.18 0.15 0.   0.15 0.   0.33],0
434,"[[ 1.  0. -1.]
 [ 0.  0. -1.]
 [ 0.  1.  1.]]",[0.   0.94 0.   0.02 0.02 0.   0.02 0.   0.  ],0
435,"[[ 1. -1. -1.]
 [ 0.  0. -1.]
 [ 0.  1.  1.]]",[0.   0.   0.   0.53 0.2  0.   0.27 0.   0.  ],0
436,"[[ 1. -1. -1.]
 [ 1.  0. -1.]
 [ 0.  1.  1.]]",[0.   0.   0.   0.   0.44 0.   0.56 0.   0.  ],0
437,"[[ 1. -1. -1.]
 [ 1.  0. -1.]
 [-1.  1.  1.]]",[0. 0. 0. 0. 1. 0. 0. 0. 0.],0
438,"[[0. 0. 0.]
 [0. 0. 0.]
 [0. 0. 0.]]",[0.06 0.09 0.08 0.08 0.37 0.08 0.09 0.06 0.09],0
439,"[[0. 0. 0.]
 [0. 1. 0.]
 [0. 0. 0.]]",[0.05 0.07 0.24 0.24 0.   0.05 0.21 0.06 0.08],0
440,"[[ 0.  0. -1.]
 [ 0.  1.  0.]
 [ 0.  0.  0.]]",[0.18 0.19 0.   0.17 0.   0.07 0.25 0.06 0.08],0
441,"[[ 0.  0. -1.]
 [ 0.  1.  0.]
 [ 1.  0.  0.]]",[0.06 0.48 0.   0.13 0.   0.05 0.   0.22 0.06],0
442,"[[ 0. -1. -1.]
 [ 0.  1.  0.]
 [ 1.  0.  0.]]",[0.37 0.   0.   0.15 0.   0.16 0.   0.13 0.19],0
443,"[[ 1. -1. -1.]
 [ 0.  1.  0.]
 [ 1.  0.  0.]]",[0.   0.   0.   0.03 0.   0.86 0.   0.06 0.05],0
444,"[[ 1. -1. -1.]
 [ 0.  1. -1.]
 [ 1.  0.  0.]]",[0.   0.   0.   0.36 0.   0.   0.   0.44 0.2 ],0
445,"[[ 1. -1. -1.]
 [ 0.  1. -1.]
 [ 1.  1.  0.]]",[0.   0.   0.   0.67 0.   0.   0.   0.   0.33],0
446,"[[ 1. -1. -1.]
 [-1.  1. -1.]
 [ 1.  1.  0.]]",[0. 0. 0. 0. 0. 0. 0. 0. 1.],0
447,"[[0. 0. 0.]
 [0. 0. 0.]
 [0. 0. 0.]]",[0.05 0.06 0.09 0.07 0.07 0.08 0.42 0.08 0.08],1
448,"[[0. 0. 0.]
 [0. 0. 0.]
 [1. 0. 0.]]",[0.08 0.07 0.21 0.15 0.07 0.06 0.   0.08 0.28],1
449,"[[ 0.  0.  0.]
 [ 0.  0.  0.]
 [ 1.  0. -1.]]",[0.21 0.22 0.22 0.08 0.15 0.05 0.   0.07 0.  ],1
450,"[[ 0.  1.  0.]
 [ 0.  0.  0.]
 [ 1.  0. -1.]]",[0.06 0.   0.05 0.06 0.74 0.05 0.   0.04 0.  ],1
451,"[[ 0.  1.  0.]
 [ 0. -1.  0.]
 [ 1.  0. -1.]]",[0.21 0.   0.16 0.17 0.   0.27 0.   0.19 0.  ],1
452,"[[ 0.  1.  0.]
 [ 0. -1.  1.]
 [ 1.  0. -1.]]",[0.92 0.   0.02 0.02 0.   0.   0.   0.04 0.  ],1
453,"[[0. 0. 0.]
 [0. 0. 0.]
 [0. 0. 0.]]",[0.05 0.07 0.04 0.05 0.38 0.05 0.2  0.08 0.08],0
454,"[[0. 0. 0.]
 [0. 1. 0.]
 [0. 0. 0.]]",[0.06 0.35 0.14 0.08 0.   0.16 0.05 0.07 0.09],0
455,"[[ 0. -1.  0.]
 [ 0.  1.  0.]
 [ 0.  0.  0.]]",[0.07 0.   0.26 0.17 0.   0.15 0.21 0.08 0.06],0
456,"[[ 0. -1.  1.]
 [ 0.  1.  0.]
 [ 0.  0.  0.]]",[0.29 0.   0.   0.17 0.   0.26 0.05 0.04 0.19],0
457,"[[-1. -1.  1.]
 [ 0.  1.  0.]
 [ 0.  0.  0.]]",[0.   0.   0.   0.25 0.   0.18 0.07 0.29 0.21],0
458,"[[-1. -1.  1.]
 [ 0.  1.  0.]
 [ 0.  1.  0.]]",[0.   0.   0.   0.02 0.   0.94 0.02 0.   0.02],0
459,"[[-1. -1.  1.]
 [ 0.  1. -1.]
 [ 0.  1.  0.]]",[0.   0.   0.   0.48 0.   0.   0.15 0.   0.37],0
460,"[[-1. -1.  1.]
 [ 1.  1. -1.]
 [ 0.  1.  0.]]",[0.   0.   0.   0.   0.   0.   0.03 0.   0.97],0
461,"[[-1. -1.  1.]
 [ 1.  1. -1.]
 [ 0.  1. -1.]]",[0. 0. 0. 0. 0. 0. 1. 0. 0.],0
462,"[[0. 0. 0.]
 [0. 0. 0.]
 [0. 0. 0.]]",[0.38 0.09 0.05 0.08 0.14 0.05 0.07 0.07 0.07],0
463,"[[1. 0. 0.]
 [0. 0. 0.]
 [0. 0. 0.]]",[0.   0.05 0.17 0.44 0.05 0.07 0.08 0.08 0.06],0
464,"[[ 1.  0.  0.]
 [-1.  0.  0.]
 [ 0.  0.  0.]]",[0.   0.06 0.05 0.   0.24 0.31 0.06 0.23 0.05],0
465,"[[ 1.  0.  0.]
 [-1.  0.  1.]
 [ 0.  0.  0.]]",[0.   0.06 0.18 0.   0.28 0.   0.22 0.16 0.1 ],0
466,"[[ 1.  0.  0.]
 [-1. -1.  1.]
 [ 0.  0.  0.]]",[0.   0.19 0.12 0.   0.   0.   0.32 0.19 0.18],0
467,"[[ 1.  0.  0.]
 [-1. -1.  1.]
 [ 1.  0.  0.]]",[0.   0.04 0.03 0.   0.   0.   0.   0.9  0.03],0
468,"[[ 1.  0.  0.]
 [-1. -1.  1.]
 [ 1. -1.  0.]]",[0.   0.39 0.27 0.   0.   0.   0.   0.   0.34],0
469,"[[ 1.  1.  0.]
 [-1. -1.  1.]
 [ 1. -1.  0.]]",[0.   0.   0.01 0.   0.   0.   0.   0.   0.99],0
470,"[[ 1.  1.  0.]
 [-1. -1.  1.]
 [ 1. -1. -1.]]",[0. 0. 1. 0. 0. 0. 0. 0. 0.],0
471,"[[0. 0. 0.]
 [0. 0. 0.]
 [0. 0. 0.]]",[0.07 0.37 0.07 0.09 0.09 0.06 0.09 0.07 0.09],1
472,"[[0. 1. 0.]
 [0. 0. 0.]
 [0. 0. 0.]]",[0.06 0.   0.05 0.08 0.08 0.05 0.18 0.05 0.45],1
473,"[[ 0.  1.  0.]
 [ 0.  0.  0.]
 [ 0.  0. -1.]]",[0.06 0.   0.04 0.05 0.25 0.35 0.05 0.2  0.  ],1
474,"[[ 0.  1.  0.]
 [ 0.  0.  1.]
 [ 0.  0. -1.]]",[0.06 0.   0.28 0.04 0.47 0.   0.04 0.11 0.  ],1
475,"[[ 0.  1.  0.]
 [ 0. -1.  1.]
 [ 0.  0. -1.]]",[0.37 0.   0.27 0.13 0.   0.   0.11 0.12 0.  ],1
476,"[[ 1.  1.  0.]
 [ 0. -1.  1.]
 [ 0.  0. -1.]]",[0.   0.   0.01 0.04 0.   0.   0.91 0.04 0.  ],1
477,"[[ 1.  1.  0.]
 [ 0. -1.  1.]
 [-1.  0. -1.]]",[0.   0.   0.11 0.32 0.   0.   0.   0.57 0.  ],1
478,"[[ 1.  1.  0.]
 [ 0. -1.  1.]
 [-1.  1. -1.]]",[0.   0.   0.72 0.28 0.   0.   0.   0.   0.  ],1
479,"[[0. 0. 0.]
 [0. 0. 0.]
 [0. 0. 0.]]",[0.43 0.09 0.05 0.07 0.07 0.05 0.09 0.07 0.08],0
480,"[[1. 0. 0.]
 [0. 0. 0.]
 [0. 0. 0.]]",[0.   0.2  0.08 0.06 0.33 0.16 0.06 0.06 0.05],0
481,"[[ 1.  0.  0.]
 [ 0. -1.  0.]
 [ 0.  0.  0.]]",[0.   0.08 0.06 0.19 0.   0.3  0.15 0.15 0.07],0
482,"[[ 1.  0.  0.]
 [ 0. -1.  1.]
 [ 0.  0.  0.]]",[0.   0.04 0.05 0.33 0.   0.   0.48 0.04 0.06],0
483,"[[ 1.  0.  0.]
 [ 0. -1.  1.]
 [-1.  0.  0.]]",[0.   0.14 0.3  0.14 0.   0.   0.   0.21 0.21],0
484,"[[ 1.  0.  1.]
 [ 0. -1.  1.]
 [-1.  0.  0.]]",[0.   0.02 0.   0.03 0.   0.   0.   0.92 0.03],0
485,"[[ 1.  0.  1.]
 [ 0. -1.  1.]
 [-1. -1.  0.]]",[0.   0.46 0.   0.32 0.   0.   0.   0.   0.22],0
486,"[[0. 0. 0.]
 [0. 0. 0.]
 [0. 0. 0.]]",[0.05 0.17 0.06 0.07 0.06 0.12 0.34 0.08 0.05],0
487,"[[0. 0. 0.]
 [0. 0. 0.]
 [1. 0. 0.]]",[0.05 0.22 0.06 0.18 0.08 0.06 0.   0.29 0.06],0
488,"[[ 0.  0.  0.]
 [ 0.  0.  0.]
 [ 1. -1.  0.]]",[0.15 0.05 0.05 0.05 0.16 0.22 0.   0.   0.32],0
489,"[[ 0.  0.  0.]
 [ 0.  0.  0.]
 [ 1. -1.  1.]]",[0.12 0.32 0.26 0.2  0.06 0.04 0.   0.   0.  ],0
490,"[[ 0. -1.  0.]
 [ 0.  0.  0.]
 [ 1. -1.  1.]]",[0.15 0.   0.21 0.18 0.32 0.14 0.   0.   0.  ],0
491,"[[ 0. -1.  0.]
 [ 0.  1.  0.]
 [ 1. -1.  1.]]",[0.04 0.   0.04 0.87 0.   0.05 0.   0.   0.  ],0
492,"[[ 0. -1.  0.]
 [-1.  1.  0.]
 [ 1. -1.  1.]]",[0.29 0.   0.34 0.   0.   0.37 0.   0.   0.  ],0
493,"[[ 0. -1.  0.]
 [-1.  1.  1.]
 [ 1. -1.  1.]]",[0.78 0.   0.22 0.   0.   0.   0.   0.   0.  ],0
494,"[[-1. -1.  0.]
 [-1.  1.  1.]
 [ 1. -1.  1.]]",[0. 0. 1. 0. 0. 0. 0. 0. 0.],0
495,"[[0. 0. 0.]
 [0. 0. 0.]
 [0. 0. 0.]]",[0.06 0.06 0.09 0.33 0.09 0.05 0.08 0.05 0.19],0
496,"[[0. 0. 0.]
 [1. 0. 0.]
 [0. 0. 0.]]",[0.06 0.22 0.08 0.   0.05 0.19 0.07 0.16 0.17],0
497,"[[ 0. -1.  0.]
 [ 1.  0.  0.]
 [ 0.  0.  0.]]",[0.2  0.   0.07 0.   0.25 0.07 0.05 0.29 0.07],0
498,"[[ 0. -1.  0.]
 [ 1.  0.  0.]
 [ 0.  1.  0.]]",[0.58 0.   0.05 0.   0.06 0.06 0.2  0.   0.05],0
499,"[[-1. -1.  0.]
 [ 1.  0.  0.]
 [ 0.  1.  0.]]",[0.   0.   0.43 0.   0.18 0.12 0.14 0.   0.13],0
500,"[[-1. -1.  1.]
 [ 1.  0.  0.]
 [ 0.  1.  0.]]",[0.   0.   0.   0.   0.03 0.03 0.9  0.   0.04],0
501,"[[-1. -1.  1.]
 [ 1.  0.  0.]
 [-1.  1.  0.]]",[0.   0.   0.   0.   0.3  0.34 0.   0.   0.36],0
502,"[[-1. -1.  1.]
 [ 1.  0.  0.]
 [-1.  1.  1.]]",[0.   0.   0.   0.   0.98 0.02 0.   0.   0.  ],0
503,"[[-1. -1.  1.]
 [ 1. -1.  0.]
 [-1.  1.  1.]]",[0. 0. 0. 0. 0. 1. 0. 0. 0.],0
504,"[[0. 0. 0.]
 [0. 0. 0.]
 [0. 0. 0.]]",[0.09 0.07 0.05 0.42 0.07 0.09 0.07 0.07 0.07],0
505,"[[0. 0. 0.]
 [1. 0. 0.]
 [0. 0. 0.]]",[0.07 0.25 0.06 0.   0.39 0.06 0.07 0.06 0.04],0
506,"[[ 0.  0.  0.]
 [ 1. -1.  0.]
 [ 0.  0.  0.]]",[0.06 0.06 0.2  0.   0.   0.05 0.11 0.24 0.28],0
507,"[[ 0.  0.  0.]
 [ 1. -1.  0.]
 [ 0.  0.  1.]]",[0.22 0.26 0.06 0.   0.   0.06 0.07 0.33 0.  ],0
508,"[[ 0.  0.  0.]
 [ 1. -1.  0.]
 [ 0. -1.  1.]]",[0.11 0.55 0.12 0.   0.   0.11 0.11 0.   0.  ],0
509,"[[ 0.  1.  0.]
 [ 1. -1.  0.]
 [ 0. -1.  1.]]",[0.04 0.   0.03 0.   0.   0.91 0.02 0.   0.  ],0
510,"[[ 0.  1.  0.]
 [ 1. -1. -1.]
 [ 0. -1.  1.]]",[0.27 0.   0.27 0.   0.   0.   0.46 0.   0.  ],0
511,"[[ 0.  1.  0.]
 [ 1. -1. -1.]
 [ 1. -1.  1.]]",[0.03 0.   0.97 0.   0.   0.   0.   0.   0.  ],0
512,"[[ 0.  1. -1.]
 [ 1. -1. -1.]
 [ 1. -1.  1.]]",[1. 0. 0. 0. 0. 0. 0. 0. 0.],0
513,"[[0. 0. 0.]
 [0. 0. 0.]
 [0. 0. 0.]]",[0.07 0.05 0.08 0.3  0.08 0.07 0.21 0.05 0.09],0
514,"[[0. 0. 0.]
 [1. 0. 0.]
 [0. 0. 0.]]",[0.07 0.08 0.07 0.   0.08 0.07 0.08 0.07 0.48],0
515,"[[ 0.  0.  0.]
 [ 1.  0.  0.]
 [ 0.  0. -1.]]",[0.23 0.06 0.07 0.   0.16 0.06 0.08 0.34 0.  ],0
516,"[[ 0.  0.  0.]
 [ 1.  0.  0.]
 [ 0.  1. -1.]]",[0.6  0.21 0.03 0.   0.06 0.06 0.04 0.   0.  ],0
517,"[[-1.  0.  0.]
 [ 1.  0.  0.]
 [ 0.  1. -1.]]",[0.   0.15 0.14 0.   0.37 0.15 0.19 0.   0.  ],0
518,"[[-1.  0.  0.]
 [ 1.  1.  0.]
 [ 0.  1. -1.]]",[0.   0.04 0.04 0.   0.   0.03 0.89 0.   0.  ],0
519,"[[-1.  0.  0.]
 [ 1.  1.  0.]
 [-1.  1. -1.]]",[0.   0.15 0.43 0.   0.   0.42 0.   0.   0.  ],0
520,"[[-1.  0.  1.]
 [ 1.  1.  0.]
 [-1.  1. -1.]]",[0.  0.4 0.  0.  0.  0.6 0.  0.  0. ],0
521,"[[-1.  0.  1.]
 [ 1.  1. -1.]
 [-1.  1. -1.]]",[0. 1. 0. 0. 0. 0. 0. 0. 0.],0
522,"[[0. 0. 0.]
 [0. 0. 0.]
 [0. 0. 0.]]",[0.05 0.06 0.05 0.08 0.07 0.27 0.06 0.08 0.28],1
523,"[[0. 0. 0.]
 [0. 0. 0.]
 [0. 0. 1.]]",[0.22 0.3  0.05 0.19 0.06 0.06 0.04 0.08 0.  ],1
524,"[[ 0. -1.  0.]
 [ 0.  0.  0.]
 [ 0.  0.  1.]]",[0.21 0.   0.2  0.28 0.09 0.05 0.05 0.12 0.  ],1
525,"[[ 0. -1.  0.]
 [ 1.  0.  0.]
 [ 0.  0.  1.]]",[0.05 0.   0.66 0.   0.04 0.06 0.15 0.04 0.  ],1
526,"[[ 0. -1. -1.]
 [ 1.  0.  0.]
 [ 0.  0.  1.]]",[0.36 0.   0.   0.   0.15 0.15 0.15 0.19 0.  ],1
527,"[[ 1. -1. -1.]
 [ 1.  0.  0.]
 [ 0.  0.  1.]]",[0.   0.   0.   0.   0.23 0.05 0.03 0.69 0.  ],1
528,"[[ 1. -1. -1.]
 [ 1.  0.  0.]
 [ 0. -1.  1.]]",[0.   0.   0.   0.   0.2  0.57 0.23 0.   0.  ],1
529,"[[ 1. -1. -1.]
 [ 1.  0.  1.]
 [ 0. -1.  1.]]",[0.  0.  0.  0.  0.5 0.  0.5 0.  0. ],1
530,"[[0. 0. 0.]
 [0. 0. 0.]
 [0. 0. 0.]]",[0.08 0.04 0.05 0.25 0.21 0.17 0.07 0.08 0.05],0
531,"[[0. 0. 0.]
 [1. 0. 0.]
 [0. 0. 0.]]",[0.43 0.07 0.06 0.   0.15 0.1  0.06 0.07 0.06],0
532,"[[-1.  0.  0.]
 [ 1.  0.  0.]
 [ 0.  0.  0.]]",[0.   0.33 0.06 0.   0.15 0.15 0.07 0.17 0.07],0
533,"[[-1.  1.  0.]
 [ 1.  0.  0.]
 [ 0.  0.  0.]]",[0.   0.   0.09 0.   0.14 0.22 0.24 0.27 0.04],0
534,"[[-1.  1.  0.]
 [ 1.  0.  0.]
 [ 0. -1.  0.]]",[0.   0.   0.29 0.   0.14 0.13 0.26 0.   0.18],0
535,"[[-1.  1.  1.]
 [ 1.  0.  0.]
 [ 0. -1.  0.]]",[0.   0.   0.   0.   0.03 0.03 0.04 0.   0.9 ],0
536,"[[-1.  1.  1.]
 [ 1.  0.  0.]
 [ 0. -1. -1.]]",[0.   0.   0.   0.   0.39 0.25 0.36 0.   0.  ],0
537,"[[-1.  1.  1.]
 [ 1.  1.  0.]
 [ 0. -1. -1.]]",[0.   0.   0.   0.   0.   0.59 0.41 0.   0.  ],0
538,"[[-1.  1.  1.]
 [ 1.  1. -1.]
 [ 0. -1. -1.]]",[0. 0. 0. 0. 0. 0. 1. 0. 0.],0
