,board,hist,result
0,"[[0. 0. 0.]
 [0. 0. 0.]
 [0. 0. 0.]]",[0.09 0.08 0.07 0.11 0.08 0.14 0.2  0.14 0.09],0
1,"[[0. 0. 0.]
 [0. 0. 0.]
 [1. 0. 0.]]",[0.09 0.2  0.13 0.18 0.09 0.08 0.   0.15 0.08],0
2,"[[ 0. -1.  0.]
 [ 0.  0.  0.]
 [ 1.  0.  0.]]",[0.1  0.   0.14 0.08 0.17 0.15 0.   0.12 0.24],0
3,"[[ 0. -1.  0.]
 [ 0.  0.  0.]
 [ 1.  0.  1.]]",[0.78 0.   0.04 0.05 0.04 0.04 0.   0.05 0.  ],0
4,"[[-1. -1.  0.]
 [ 0.  0.  0.]
 [ 1.  0.  1.]]",[0.   0.   0.27 0.19 0.26 0.17 0.   0.11 0.  ],0
5,"[[-1. -1.  1.]
 [ 0.  0.  0.]
 [ 1.  0.  1.]]",[0.   0.   0.   0.54 0.39 0.06 0.   0.01 0.  ],0
6,"[[-1. -1.  1.]
 [-1.  0.  0.]
 [ 1.  0.  1.]]",[0.   0.   0.   0.   0.25 0.53 0.   0.22 0.  ],0
7,"[[0. 0. 0.]
 [0. 0. 0.]
 [0. 0. 0.]]",[0.07 0.07 0.16 0.11 0.17 0.05 0.09 0.1  0.18],1
8,"[[0. 0. 0.]
 [0. 0. 0.]
 [0. 0. 1.]]",[0.15 0.16 0.09 0.11 0.07 0.24 0.1  0.08 0.  ],1
9,"[[ 0.  0.  0.]
 [ 0.  0. -1.]
 [ 0.  0.  1.]]",[0.15 0.11 0.19 0.1  0.11 0.   0.24 0.1  0.  ],1
10,"[[ 0.  0.  0.]
 [ 0.  0. -1.]
 [ 1.  0.  1.]]",[0.12 0.12 0.1  0.43 0.11 0.   0.   0.12 0.  ],1
11,"[[ 0.  0.  0.]
 [-1.  0. -1.]
 [ 1.  0.  1.]]",[0.18 0.25 0.26 0.   0.26 0.   0.   0.05 0.  ],1
12,"[[ 0.  0.  1.]
 [-1.  0. -1.]
 [ 1.  0.  1.]]",[0.02 0.02 0.   0.   0.93 0.   0.   0.03 0.  ],1
13,"[[0. 0. 0.]
 [0. 0. 0.]
 [0. 0. 0.]]",[0.07 0.18 0.06 0.13 0.21 0.09 0.09 0.06 0.11],0
14,"[[0. 0. 0.]
 [0. 1. 0.]
 [0. 0. 0.]]",[0.1  0.14 0.11 0.14 0.   0.07 0.17 0.12 0.15],0
15,"[[ 0.  0.  0.]
 [ 0.  1.  0.]
 [-1.  0.  0.]]",[0.12 0.2  0.2  0.12 0.   0.2  0.   0.08 0.08],0
16,"[[ 0.  1.  0.]
 [ 0.  1.  0.]
 [-1.  0.  0.]]",[0.65 0.   0.11 0.04 0.   0.1  0.   0.05 0.05],0
17,"[[-1.  1.  0.]
 [ 0.  1.  0.]
 [-1.  0.  0.]]",[0.   0.   0.21 0.34 0.   0.19 0.   0.06 0.2 ],0
18,"[[-1.  1.  0.]
 [ 1.  1.  0.]
 [-1.  0.  0.]]",[0.   0.   0.72 0.   0.   0.01 0.   0.05 0.22],0
19,"[[-1.  1. -1.]
 [ 1.  1.  0.]
 [-1.  0.  0.]]",[0.   0.   0.   0.   0.   0.31 0.   0.27 0.42],0
20,"[[-1.  1. -1.]
 [ 1.  1.  0.]
 [-1.  0.  1.]]",[0.  0.  0.  0.  0.  0.4 0.  0.6 0. ],0
21,"[[-1.  1. -1.]
 [ 1.  1.  0.]
 [-1. -1.  1.]]",[0. 0. 0. 0. 0. 1. 0. 0. 0.],0
22,"[[0. 0. 0.]
 [0. 0. 0.]
 [0. 0. 0.]]",[0.08 0.14 0.07 0.17 0.06 0.13 0.16 0.09 0.1 ],1
23,"[[0. 0. 0.]
 [1. 0. 0.]
 [0. 0. 0.]]",[0.13 0.17 0.09 0.   0.13 0.14 0.15 0.11 0.08],1
24,"[[ 0. -1.  0.]
 [ 1.  0.  0.]
 [ 0.  0.  0.]]",[0.14 0.   0.16 0.   0.17 0.11 0.13 0.13 0.16],1
25,"[[ 0. -1.  0.]
 [ 1.  1.  0.]
 [ 0.  0.  0.]]",[0.07 0.   0.65 0.   0.   0.04 0.07 0.08 0.09],1
26,"[[ 0. -1. -1.]
 [ 1.  1.  0.]
 [ 0.  0.  0.]]",[0.22 0.   0.   0.   0.   0.05 0.29 0.21 0.23],1
27,"[[ 0. -1. -1.]
 [ 1.  1.  0.]
 [ 1.  0.  0.]]",[0.73 0.   0.   0.   0.   0.04 0.   0.04 0.19],1
28,"[[0. 0. 0.]
 [0. 0. 0.]
 [0. 0. 0.]]",[0.15 0.1  0.12 0.08 0.07 0.16 0.13 0.11 0.08],1
29,"[[0. 0. 0.]
 [0. 0. 1.]
 [0. 0. 0.]]",[0.09 0.18 0.16 0.09 0.07 0.   0.09 0.24 0.08],1
30,"[[ 0.  0.  0.]
 [ 0.  0.  1.]
 [ 0. -1.  0.]]",[0.13 0.1  0.17 0.17 0.12 0.   0.17 0.   0.14],1
31,"[[ 0.  0.  1.]
 [ 0.  0.  1.]
 [ 0. -1.  0.]]",[0.11 0.05 0.   0.05 0.71 0.   0.04 0.   0.04],1
32,"[[ 0.  0.  1.]
 [ 0. -1.  1.]
 [ 0. -1.  0.]]",[0.27 0.27 0.   0.15 0.   0.   0.21 0.   0.1 ],1
33,"[[ 1.  0.  1.]
 [ 0. -1.  1.]
 [ 0. -1.  0.]]",[0.   0.66 0.   0.02 0.   0.   0.29 0.   0.03],1
34,"[[0. 0. 0.]
 [0. 0. 0.]
 [0. 0. 0.]]",[0.09 0.16 0.1  0.05 0.1  0.15 0.09 0.15 0.11],1
35,"[[0. 1. 0.]
 [0. 0. 0.]
 [0. 0. 0.]]",[0.09 0.   0.08 0.16 0.08 0.13 0.15 0.17 0.14],1
36,"[[ 0.  1.  0.]
 [ 0.  0.  0.]
 [ 0. -1.  0.]]",[0.15 0.   0.08 0.15 0.13 0.13 0.18 0.   0.18],1
37,"[[ 0.  1.  0.]
 [ 0.  0.  0.]
 [ 1. -1.  0.]]",[0.14 0.   0.19 0.13 0.31 0.11 0.   0.   0.12],1
38,"[[ 0.  1.  0.]
 [ 0. -1.  0.]
 [ 1. -1.  0.]]",[0.15 0.   0.1  0.13 0.   0.3  0.   0.   0.32],1
39,"[[ 0.  1.  0.]
 [ 0. -1.  0.]
 [ 1. -1.  1.]]",[0.08 0.   0.05 0.03 0.   0.84 0.   0.   0.  ],1
40,"[[ 0.  1.  0.]
 [ 0. -1. -1.]
 [ 1. -1.  1.]]",[0.28 0.   0.39 0.33 0.   0.   0.   0.   0.  ],1
41,"[[ 0.  1.  1.]
 [ 0. -1. -1.]
 [ 1. -1.  1.]]",[0.03 0.   0.   0.97 0.   0.   0.   0.   0.  ],1
42,"[[0. 0. 0.]
 [0. 0. 0.]
 [0. 0. 0.]]",[0.07 0.08 0.19 0.07 0.11 0.2  0.07 0.09 0.12],0
43,"[[0. 0. 0.]
 [0. 0. 1.]
 [0. 0. 0.]]",[0.08 0.13 0.19 0.07 0.16 0.   0.16 0.12 0.09],0
44,"[[ 0.  0. -1.]
 [ 0.  0.  1.]
 [ 0.  0.  0.]]",[0.23 0.17 0.   0.08 0.18 0.   0.13 0.11 0.1 ],0
45,"[[ 1.  0. -1.]
 [ 0.  0.  1.]
 [ 0.  0.  0.]]",[0.   0.11 0.   0.17 0.11 0.   0.43 0.08 0.1 ],0
46,"[[ 1.  0. -1.]
 [ 0.  0.  1.]
 [-1.  0.  0.]]",[0.   0.16 0.   0.17 0.31 0.   0.   0.16 0.2 ],0
47,"[[ 1.  0. -1.]
 [ 0.  1.  1.]
 [-1.  0.  0.]]",[0.   0.85 0.   0.08 0.   0.   0.   0.01 0.06],0
48,"[[ 1. -1. -1.]
 [ 0.  1.  1.]
 [-1.  0.  0.]]",[0.   0.   0.   0.16 0.   0.   0.   0.49 0.35],0
49,"[[ 1. -1. -1.]
 [ 0.  1.  1.]
 [-1.  1.  0.]]",[0.   0.   0.   0.25 0.   0.   0.   0.   0.75],0
50,"[[ 1. -1. -1.]
 [ 0.  1.  1.]
 [-1.  1. -1.]]",[0. 0. 0. 1. 0. 0. 0. 0. 0.],0
51,"[[0. 0. 0.]
 [0. 0. 0.]
 [0. 0. 0.]]",[0.11 0.08 0.28 0.05 0.11 0.07 0.07 0.09 0.14],0
52,"[[0. 0. 1.]
 [0. 0. 0.]
 [0. 0. 0.]]",[0.09 0.24 0.   0.12 0.16 0.07 0.09 0.12 0.11],0
53,"[[ 0. -1.  1.]
 [ 0.  0.  0.]
 [ 0.  0.  0.]]",[0.11 0.   0.   0.2  0.15 0.13 0.14 0.14 0.13],0
54,"[[ 0. -1.  1.]
 [ 1.  0.  0.]
 [ 0.  0.  0.]]",[0.16 0.   0.   0.   0.1  0.11 0.41 0.08 0.14],0
55,"[[ 0. -1.  1.]
 [ 1.  0.  0.]
 [-1.  0.  0.]]",[0.18 0.   0.   0.   0.17 0.1  0.   0.38 0.17],0
56,"[[ 0. -1.  1.]
 [ 1.  0.  0.]
 [-1.  1.  0.]]",[0.75 0.   0.   0.   0.09 0.1  0.   0.   0.06],0
57,"[[-1. -1.  1.]
 [ 1.  0.  0.]
 [-1.  1.  0.]]",[0.   0.   0.   0.   0.33 0.26 0.   0.   0.41],0
58,"[[-1. -1.  1.]
 [ 1.  0.  0.]
 [-1.  1.  1.]]",[0.   0.   0.   0.   0.98 0.02 0.   0.   0.  ],0
59,"[[-1. -1.  1.]
 [ 1. -1.  0.]
 [-1.  1.  1.]]",[0. 0. 0. 0. 0. 1. 0. 0. 0.],0
60,"[[0. 0. 0.]
 [0. 0. 0.]
 [0. 0. 0.]]",[0.16 0.11 0.09 0.12 0.15 0.13 0.06 0.08 0.1 ],1
61,"[[1. 0. 0.]
 [0. 0. 0.]
 [0. 0. 0.]]",[0.   0.12 0.08 0.15 0.16 0.09 0.15 0.13 0.12],1
62,"[[ 1.  0.  0.]
 [ 0. -1.  0.]
 [ 0.  0.  0.]]",[0.   0.09 0.13 0.14 0.   0.2  0.12 0.18 0.14],1
63,"[[ 1.  0.  0.]
 [ 0. -1.  1.]
 [ 0.  0.  0.]]",[0.   0.07 0.06 0.03 0.   0.   0.06 0.71 0.07],1
64,"[[ 1.  0.  0.]
 [ 0. -1.  1.]
 [ 0. -1.  0.]]",[0.   0.4  0.14 0.14 0.   0.   0.14 0.   0.18],1
65,"[[ 1.  1.  0.]
 [ 0. -1.  1.]
 [ 0. -1.  0.]]",[0.   0.   0.03 0.05 0.   0.   0.85 0.   0.07],1
66,"[[ 1.  1.  0.]
 [ 0. -1.  1.]
 [-1. -1.  0.]]",[0.   0.   0.22 0.31 0.   0.   0.   0.   0.47],1
67,"[[ 1.  1.  0.]
 [ 0. -1.  1.]
 [-1. -1.  1.]]",[0.  0.  0.7 0.3 0.  0.  0.  0.  0. ],1
68,"[[0. 0. 0.]
 [0. 0. 0.]
 [0. 0. 0.]]",[0.15 0.13 0.11 0.07 0.16 0.06 0.14 0.1  0.08],0
69,"[[0. 0. 0.]
 [0. 1. 0.]
 [0. 0. 0.]]",[0.1  0.09 0.17 0.16 0.   0.09 0.1  0.12 0.17],0
70,"[[ 0.  0. -1.]
 [ 0.  1.  0.]
 [ 0.  0.  0.]]",[0.19 0.11 0.   0.15 0.   0.13 0.18 0.15 0.09],0
71,"[[ 1.  0. -1.]
 [ 0.  1.  0.]
 [ 0.  0.  0.]]",[0.   0.16 0.   0.17 0.   0.15 0.17 0.21 0.14],0
72,"[[ 1.  0. -1.]
 [ 0.  1.  0.]
 [ 0. -1.  0.]]",[0.   0.29 0.   0.14 0.   0.32 0.21 0.   0.04],0
73,"[[ 1.  0. -1.]
 [ 0.  1.  1.]
 [ 0. -1.  0.]]",[0.   0.93 0.   0.03 0.   0.   0.02 0.   0.02],0
74,"[[ 1. -1. -1.]
 [ 0.  1.  1.]
 [ 0. -1.  0.]]",[0.   0.   0.   0.25 0.   0.   0.48 0.   0.27],0
75,"[[ 1. -1. -1.]
 [ 0.  1.  1.]
 [ 1. -1.  0.]]",[0.   0.   0.   0.66 0.   0.   0.   0.   0.34],0
76,"[[ 1. -1. -1.]
 [-1.  1.  1.]
 [ 1. -1.  0.]]",[0. 0. 0. 0. 0. 0. 0. 0. 1.],0
77,"[[0. 0. 0.]
 [0. 0. 0.]
 [0. 0. 0.]]",[0.12 0.08 0.11 0.1  0.25 0.07 0.08 0.09 0.1 ],0
78,"[[0. 0. 0.]
 [0. 1. 0.]
 [0. 0. 0.]]",[0.12 0.12 0.12 0.1  0.   0.09 0.23 0.06 0.16],0
79,"[[ 0.  0.  0.]
 [ 0.  1.  0.]
 [-1.  0.  0.]]",[0.1  0.18 0.18 0.15 0.   0.15 0.   0.08 0.16],0
80,"[[ 0.  1.  0.]
 [ 0.  1.  0.]
 [-1.  0.  0.]]",[0.03 0.   0.15 0.71 0.   0.03 0.   0.04 0.04],0
81,"[[ 0.  1.  0.]
 [-1.  1.  0.]
 [-1.  0.  0.]]",[0.31 0.   0.21 0.   0.   0.18 0.   0.09 0.21],0
82,"[[ 1.  1.  0.]
 [-1.  1.  0.]
 [-1.  0.  0.]]",[0.   0.   0.01 0.   0.   0.49 0.   0.45 0.05],0
83,"[[ 1.  1.  0.]
 [-1.  1. -1.]
 [-1.  0.  0.]]",[0.   0.   0.47 0.   0.   0.   0.   0.24 0.29],0
84,"[[0. 0. 0.]
 [0. 0. 0.]
 [0. 0. 0.]]",[0.16 0.08 0.07 0.19 0.11 0.15 0.09 0.09 0.06],0
85,"[[0. 0. 0.]
 [1. 0. 0.]
 [0. 0. 0.]]",[0.12 0.09 0.13 0.   0.12 0.09 0.21 0.08 0.16],0
86,"[[ 0.  0.  0.]
 [ 1.  0.  0.]
 [-1.  0.  0.]]",[0.2  0.08 0.16 0.   0.12 0.13 0.   0.08 0.23],0
87,"[[ 0.  0.  0.]
 [ 1.  0.  0.]
 [-1.  0.  1.]]",[0.09 0.17 0.42 0.   0.15 0.07 0.   0.1  0.  ],0
88,"[[ 0.  0. -1.]
 [ 1.  0.  0.]
 [-1.  0.  1.]]",[0.17 0.2  0.   0.   0.26 0.19 0.   0.18 0.  ],0
89,"[[ 0.  0. -1.]
 [ 1.  1.  0.]
 [-1.  0.  1.]]",[0.92 0.06 0.   0.   0.   0.01 0.   0.01 0.  ],0
90,"[[-1.  0. -1.]
 [ 1.  1.  0.]
 [-1.  0.  1.]]",[0.   0.52 0.   0.   0.   0.22 0.   0.26 0.  ],0
91,"[[-1.  1. -1.]
 [ 1.  1.  0.]
 [-1.  0.  1.]]",[0.   0.   0.   0.   0.   0.88 0.   0.12 0.  ],0
92,"[[-1.  1. -1.]
 [ 1.  1. -1.]
 [-1.  0.  1.]]",[0. 0. 0. 0. 0. 0. 0. 1. 0.],0
93,"[[0. 0. 0.]
 [0. 0. 0.]
 [0. 0. 0.]]",[0.21 0.1  0.06 0.12 0.2  0.06 0.08 0.09 0.08],1
94,"[[1. 0. 0.]
 [0. 0. 0.]
 [0. 0. 0.]]",[0.   0.08 0.08 0.13 0.17 0.09 0.17 0.19 0.09],1
95,"[[ 1.  0.  0.]
 [ 0.  0.  0.]
 [ 0. -1.  0.]]",[0.   0.1  0.11 0.16 0.25 0.14 0.09 0.   0.15],1
96,"[[ 1.  0.  0.]
 [ 0.  1.  0.]
 [ 0. -1.  0.]]",[0.   0.11 0.1  0.05 0.   0.12 0.56 0.   0.06],1
97,"[[ 1.  0.  0.]
 [ 0.  1.  0.]
 [-1. -1.  0.]]",[0.   0.25 0.21 0.22 0.   0.22 0.   0.   0.1 ],1
98,"[[ 1.  1.  0.]
 [ 0.  1.  0.]
 [-1. -1.  0.]]",[0.   0.   0.02 0.03 0.   0.29 0.   0.   0.66],1
99,"[[0. 0. 0.]
 [0. 0. 0.]
 [0. 0. 0.]]",[0.13 0.18 0.14 0.1  0.09 0.07 0.09 0.1  0.1 ],1
100,"[[0. 1. 0.]
 [0. 0. 0.]
 [0. 0. 0.]]",[0.11 0.   0.13 0.13 0.16 0.1  0.12 0.16 0.09],1
101,"[[ 0.  1.  0.]
 [ 0. -1.  0.]
 [ 0.  0.  0.]]",[0.08 0.   0.11 0.21 0.   0.17 0.19 0.1  0.14],1
102,"[[ 0.  1.  0.]
 [ 1. -1.  0.]
 [ 0.  0.  0.]]",[0.13 0.   0.11 0.   0.   0.07 0.07 0.1  0.52],1
103,"[[ 0.  1.  0.]
 [ 1. -1.  0.]
 [ 0.  0. -1.]]",[0.29 0.   0.23 0.   0.   0.15 0.16 0.17 0.  ],1
104,"[[ 1.  1.  0.]
 [ 1. -1.  0.]
 [ 0.  0. -1.]]",[0.   0.   0.02 0.   0.   0.06 0.04 0.88 0.  ],1
105,"[[ 1.  1.  0.]
 [ 1. -1.  0.]
 [ 0. -1. -1.]]",[0.   0.   0.26 0.   0.   0.48 0.26 0.   0.  ],1
106,"[[ 1.  1.  0.]
 [ 1. -1.  1.]
 [ 0. -1. -1.]]",[0.   0.   0.21 0.   0.   0.   0.79 0.   0.  ],1
107,"[[0. 0. 0.]
 [0. 0. 0.]
 [0. 0. 0.]]",[0.1  0.15 0.15 0.16 0.12 0.12 0.06 0.06 0.08],1
108,"[[0. 0. 0.]
 [1. 0. 0.]
 [0. 0. 0.]]",[0.21 0.12 0.17 0.   0.09 0.07 0.12 0.12 0.1 ],1
109,"[[-1.  0.  0.]
 [ 1.  0.  0.]
 [ 0.  0.  0.]]",[0.   0.1  0.17 0.   0.11 0.13 0.15 0.21 0.13],1
110,"[[-1.  0.  0.]
 [ 1.  0.  0.]
 [ 0.  1.  0.]]",[0.   0.05 0.03 0.   0.05 0.04 0.05 0.   0.78],1
111,"[[-1.  0.  0.]
 [ 1.  0.  0.]
 [ 0.  1. -1.]]",[0.   0.16 0.15 0.   0.35 0.17 0.17 0.   0.  ],1
112,"[[-1.  0.  0.]
 [ 1.  1.  0.]
 [ 0.  1. -1.]]",[0.   0.01 0.9  0.   0.   0.04 0.05 0.   0.  ],1
113,"[[-1.  0. -1.]
 [ 1.  1.  0.]
 [ 0.  1. -1.]]",[0.   0.36 0.   0.   0.   0.22 0.42 0.   0.  ],1
114,"[[-1.  0. -1.]
 [ 1.  1.  0.]
 [ 1.  1. -1.]]",[0.   0.42 0.   0.   0.   0.58 0.   0.   0.  ],1
115,"[[0. 0. 0.]
 [0. 0. 0.]
 [0. 0. 0.]]",[0.06 0.19 0.08 0.14 0.08 0.12 0.11 0.11 0.11],1
116,"[[0. 1. 0.]
 [0. 0. 0.]
 [0. 0. 0.]]",[0.16 0.   0.12 0.16 0.11 0.07 0.11 0.09 0.18],1
117,"[[ 0.  1.  0.]
 [ 0.  0.  0.]
 [ 0.  0. -1.]]",[0.11 0.   0.08 0.18 0.11 0.15 0.24 0.13 0.  ],1
118,"[[ 0.  1.  0.]
 [ 0.  0.  0.]
 [ 1.  0. -1.]]",[0.07 0.   0.08 0.05 0.66 0.04 0.   0.1  0.  ],1
119,"[[ 0.  1.  0.]
 [ 0. -1.  0.]
 [ 1.  0. -1.]]",[0.22 0.   0.2  0.19 0.   0.17 0.   0.22 0.  ],1
120,"[[ 1.  1.  0.]
 [ 0. -1.  0.]
 [ 1.  0. -1.]]",[0.   0.   0.03 0.03 0.   0.93 0.   0.01 0.  ],1
121,"[[ 1.  1.  0.]
 [ 0. -1. -1.]
 [ 1.  0. -1.]]",[0.   0.   0.4  0.16 0.   0.   0.   0.44 0.  ],1
122,"[[ 1.  1.  0.]
 [ 0. -1. -1.]
 [ 1.  1. -1.]]",[0.   0.   0.51 0.49 0.   0.   0.   0.   0.  ],1
123,"[[0. 0. 0.]
 [0. 0. 0.]
 [0. 0. 0.]]",[0.09 0.09 0.08 0.08 0.12 0.12 0.14 0.14 0.14],0
124,"[[0. 0. 0.]
 [0. 0. 0.]
 [1. 0. 0.]]",[0.13 0.13 0.11 0.12 0.21 0.08 0.   0.08 0.14],0
125,"[[ 0.  0.  0.]
 [ 0. -1.  0.]
 [ 1.  0.  0.]]",[0.1  0.18 0.14 0.12 0.   0.12 0.   0.17 0.17],0
126,"[[ 0.  1.  0.]
 [ 0. -1.  0.]
 [ 1.  0.  0.]]",[0.05 0.   0.09 0.06 0.   0.05 0.   0.07 0.68],0
127,"[[ 0.  1.  0.]
 [ 0. -1.  0.]
 [ 1.  0. -1.]]",[0.36 0.   0.14 0.19 0.   0.14 0.   0.17 0.  ],0
128,"[[ 1.  1.  0.]
 [ 0. -1.  0.]
 [ 1.  0. -1.]]",[0.   0.   0.04 0.03 0.   0.88 0.   0.05 0.  ],0
129,"[[ 1.  1.  0.]
 [ 0. -1. -1.]
 [ 1.  0. -1.]]",[0.   0.   0.37 0.27 0.   0.   0.   0.36 0.  ],0
130,"[[0. 0. 0.]
 [0. 0. 0.]
 [0. 0. 0.]]",[0.12 0.07 0.1  0.09 0.09 0.12 0.13 0.12 0.16],1
131,"[[0. 0. 0.]
 [0. 0. 0.]
 [0. 0. 1.]]",[0.12 0.14 0.19 0.1  0.1  0.15 0.12 0.08 0.  ],1
132,"[[ 0.  0. -1.]
 [ 0.  0.  0.]
 [ 0.  0.  1.]]",[0.12 0.15 0.   0.11 0.08 0.26 0.17 0.11 0.  ],1
133,"[[ 0.  0. -1.]
 [ 0.  0.  1.]
 [ 0.  0.  1.]]",[0.46 0.06 0.   0.15 0.09 0.   0.09 0.15 0.  ],1
134,"[[-1.  0. -1.]
 [ 0.  0.  1.]
 [ 0.  0.  1.]]",[0.   0.5  0.   0.14 0.13 0.   0.13 0.1  0.  ],1
135,"[[-1.  1. -1.]
 [ 0.  0.  1.]
 [ 0.  0.  1.]]",[0.   0.   0.   0.04 0.03 0.   0.88 0.05 0.  ],1
136,"[[-1.  1. -1.]
 [ 0.  0.  1.]
 [-1.  0.  1.]]",[0.   0.   0.   0.31 0.43 0.   0.   0.26 0.  ],1
137,"[[-1.  1. -1.]
 [ 0.  1.  1.]
 [-1.  0.  1.]]",[0.   0.   0.   0.54 0.   0.   0.   0.46 0.  ],1
138,"[[0. 0. 0.]
 [0. 0. 0.]
 [0. 0. 0.]]",[0.06 0.16 0.08 0.15 0.19 0.08 0.12 0.09 0.07],0
139,"[[0. 0. 0.]
 [0. 1. 0.]
 [0. 0. 0.]]",[0.15 0.08 0.1  0.26 0.   0.12 0.11 0.09 0.09],0
140,"[[ 0.  0.  0.]
 [-1.  1.  0.]
 [ 0.  0.  0.]]",[0.14 0.22 0.18 0.   0.   0.1  0.13 0.13 0.1 ],0
141,"[[ 0.  1.  0.]
 [-1.  1.  0.]
 [ 0.  0.  0.]]",[0.78 0.   0.04 0.   0.   0.03 0.04 0.06 0.05],0
142,"[[-1.  1.  0.]
 [-1.  1.  0.]
 [ 0.  0.  0.]]",[0.   0.   0.19 0.   0.   0.17 0.33 0.11 0.2 ],0
143,"[[-1.  1.  0.]
 [-1.  1.  0.]
 [ 1.  0.  0.]]",[0.   0.   0.02 0.   0.   0.89 0.   0.06 0.03],0
144,"[[-1.  1.  0.]
 [-1.  1. -1.]
 [ 1.  0.  0.]]",[0.   0.   0.2  0.   0.   0.   0.   0.35 0.45],0
145,"[[-1.  1.  0.]
 [-1.  1. -1.]
 [ 1.  0.  1.]]",[0.   0.   0.76 0.   0.   0.   0.   0.24 0.  ],0
146,"[[-1.  1. -1.]
 [-1.  1. -1.]
 [ 1.  0.  1.]]",[0. 0. 0. 0. 0. 0. 0. 1. 0.],0
147,"[[0. 0. 0.]
 [0. 0. 0.]
 [0. 0. 0.]]",[0.09 0.09 0.1  0.12 0.12 0.06 0.13 0.21 0.08],0
148,"[[0. 0. 0.]
 [0. 0. 0.]
 [0. 1. 0.]]",[0.15 0.14 0.14 0.07 0.12 0.08 0.2  0.   0.1 ],0
149,"[[ 0.  0.  0.]
 [ 0.  0.  0.]
 [-1.  1.  0.]]",[0.14 0.09 0.34 0.18 0.08 0.09 0.   0.   0.08],0
150,"[[ 0.  0.  1.]
 [ 0.  0.  0.]
 [-1.  1.  0.]]",[0.21 0.05 0.   0.51 0.1  0.06 0.   0.   0.07],0
151,"[[ 0.  0.  1.]
 [-1.  0.  0.]
 [-1.  1.  0.]]",[0.39 0.14 0.   0.   0.14 0.2  0.   0.   0.13],0
152,"[[ 1.  0.  1.]
 [-1.  0.  0.]
 [-1.  1.  0.]]",[0.   0.03 0.   0.   0.05 0.86 0.   0.   0.06],0
153,"[[ 1.  0.  1.]
 [-1.  0. -1.]
 [-1.  1.  0.]]",[0.   0.13 0.   0.   0.52 0.   0.   0.   0.35],0
154,"[[ 1.  0.  1.]
 [-1.  1. -1.]
 [-1.  1.  0.]]",[0.   0.99 0.   0.   0.   0.   0.   0.   0.01],0
155,"[[ 1. -1.  1.]
 [-1.  1. -1.]
 [-1.  1.  0.]]",[0. 0. 0. 0. 0. 0. 0. 0. 1.],0
156,"[[0. 0. 0.]
 [0. 0. 0.]
 [0. 0. 0.]]",[0.1  0.15 0.1  0.17 0.14 0.07 0.13 0.07 0.07],0
157,"[[0. 0. 0.]
 [1. 0. 0.]
 [0. 0. 0.]]",[0.14 0.08 0.1  0.   0.2  0.08 0.1  0.13 0.17],0
158,"[[ 0.  0.  0.]
 [ 1. -1.  0.]
 [ 0.  0.  0.]]",[0.15 0.13 0.16 0.   0.   0.17 0.08 0.18 0.13],0
159,"[[ 0.  0.  0.]
 [ 1. -1.  0.]
 [ 0.  1.  0.]]",[0.13 0.14 0.08 0.   0.   0.07 0.09 0.   0.49],0
160,"[[ 0.  0.  0.]
 [ 1. -1.  0.]
 [ 0.  1. -1.]]",[0.3  0.17 0.21 0.   0.   0.15 0.17 0.   0.  ],0
161,"[[ 1.  0.  0.]
 [ 1. -1.  0.]
 [ 0.  1. -1.]]",[0.   0.12 0.02 0.   0.   0.84 0.02 0.   0.  ],0
162,"[[ 1.  0.  0.]
 [ 1. -1. -1.]
 [ 0.  1. -1.]]",[0.   0.3  0.34 0.   0.   0.   0.36 0.   0.  ],0
163,"[[0. 0. 0.]
 [0. 0. 0.]
 [0. 0. 0.]]",[0.08 0.06 0.11 0.16 0.14 0.08 0.17 0.1  0.1 ],1
164,"[[0. 0. 0.]
 [0. 0. 0.]
 [1. 0. 0.]]",[0.25 0.12 0.13 0.15 0.08 0.09 0.   0.08 0.1 ],1
165,"[[-1.  0.  0.]
 [ 0.  0.  0.]
 [ 1.  0.  0.]]",[0.   0.1  0.09 0.17 0.08 0.24 0.   0.23 0.09],1
166,"[[-1.  0.  0.]
 [ 0.  0.  1.]
 [ 1.  0.  0.]]",[0.   0.04 0.66 0.05 0.08 0.   0.   0.08 0.09],1
167,"[[-1.  0. -1.]
 [ 0.  0.  1.]
 [ 1.  0.  0.]]",[0.   0.41 0.   0.13 0.12 0.   0.   0.16 0.18],1
168,"[[-1.  1. -1.]
 [ 0.  0.  1.]
 [ 1.  0.  0.]]",[0.   0.   0.   0.06 0.05 0.   0.   0.05 0.84],1
169,"[[-1.  1. -1.]
 [ 0.  0.  1.]
 [ 1.  0. -1.]]",[0.   0.   0.   0.33 0.31 0.   0.   0.36 0.  ],1
170,"[[-1.  1. -1.]
 [ 0.  0.  1.]
 [ 1.  1. -1.]]",[0.   0.   0.   0.38 0.62 0.   0.   0.   0.  ],1
171,"[[0. 0. 0.]
 [0. 0. 0.]
 [0. 0. 0.]]",[0.06 0.1  0.11 0.1  0.24 0.1  0.1  0.09 0.1 ],1
172,"[[0. 0. 0.]
 [0. 1. 0.]
 [0. 0. 0.]]",[0.16 0.08 0.11 0.08 0.   0.21 0.11 0.15 0.1 ],1
173,"[[ 0.  0.  0.]
 [ 0.  1. -1.]
 [ 0.  0.  0.]]",[0.19 0.14 0.22 0.13 0.   0.   0.12 0.1  0.1 ],1
174,"[[ 0.  0.  1.]
 [ 0.  1. -1.]
 [ 0.  0.  0.]]",[0.18 0.24 0.   0.29 0.   0.   0.08 0.11 0.1 ],1
175,"[[ 0.  0.  1.]
 [-1.  1. -1.]
 [ 0.  0.  0.]]",[0.2  0.17 0.   0.   0.   0.   0.07 0.24 0.32],1
176,"[[ 0.  0.  1.]
 [-1.  1. -1.]
 [ 0.  0.  1.]]",[0.85 0.06 0.   0.   0.   0.   0.03 0.06 0.  ],1
177,"[[-1.  0.  1.]
 [-1.  1. -1.]
 [ 0.  0.  1.]]",[0.   0.41 0.   0.   0.   0.   0.13 0.46 0.  ],1
178,"[[-1.  0.  1.]
 [-1.  1. -1.]
 [ 0.  1.  1.]]",[0.   0.38 0.   0.   0.   0.   0.62 0.   0.  ],1
179,"[[0. 0. 0.]
 [0. 0. 0.]
 [0. 0. 0.]]",[0.08 0.18 0.07 0.09 0.18 0.09 0.12 0.09 0.1 ],0
180,"[[0. 1. 0.]
 [0. 0. 0.]
 [0. 0. 0.]]",[0.14 0.   0.17 0.19 0.07 0.06 0.17 0.12 0.08],0
181,"[[ 0.  1.  0.]
 [-1.  0.  0.]
 [ 0.  0.  0.]]",[0.09 0.   0.08 0.   0.17 0.2  0.2  0.13 0.13],0
182,"[[ 0.  1.  0.]
 [-1.  0.  1.]
 [ 0.  0.  0.]]",[0.07 0.   0.03 0.   0.04 0.   0.72 0.07 0.07],0
183,"[[ 0.  1.  0.]
 [-1.  0.  1.]
 [-1.  0.  0.]]",[0.38 0.   0.17 0.   0.14 0.   0.   0.17 0.14],0
184,"[[ 1.  1.  0.]
 [-1.  0.  1.]
 [-1.  0.  0.]]",[0.   0.   0.03 0.   0.87 0.   0.   0.05 0.05],0
185,"[[ 1.  1.  0.]
 [-1. -1.  1.]
 [-1.  0.  0.]]",[0.   0.   0.27 0.   0.   0.   0.   0.35 0.38],0
186,"[[ 1.  1.  0.]
 [-1. -1.  1.]
 [-1.  0.  1.]]",[0.   0.   0.45 0.   0.   0.   0.   0.55 0.  ],0
187,"[[ 1.  1.  0.]
 [-1. -1.  1.]
 [-1. -1.  1.]]",[0. 0. 1. 0. 0. 0. 0. 0. 0.],0
188,"[[0. 0. 0.]
 [0. 0. 0.]
 [0. 0. 0.]]",[0.14 0.13 0.1  0.15 0.1  0.14 0.08 0.09 0.07],0
189,"[[0. 0. 0.]
 [1. 0. 0.]
 [0. 0. 0.]]",[0.07 0.12 0.09 0.   0.11 0.2  0.15 0.17 0.09],0
190,"[[ 0.  0.  0.]
 [ 1.  0. -1.]
 [ 0.  0.  0.]]",[0.08 0.23 0.12 0.   0.18 0.   0.08 0.1  0.21],0
191,"[[ 0.  1.  0.]
 [ 1.  0. -1.]
 [ 0.  0.  0.]]",[0.14 0.   0.09 0.   0.11 0.   0.19 0.09 0.38],0
192,"[[ 0.  1.  0.]
 [ 1.  0. -1.]
 [ 0.  0. -1.]]",[0.15 0.   0.43 0.   0.13 0.   0.16 0.13 0.  ],0
193,"[[ 0.  1.  1.]
 [ 1.  0. -1.]
 [ 0.  0. -1.]]",[0.02 0.   0.   0.   0.86 0.   0.06 0.06 0.  ],0
194,"[[ 0.  1.  1.]
 [ 1. -1. -1.]
 [ 0.  0. -1.]]",[0.18 0.   0.   0.   0.   0.   0.39 0.43 0.  ],0
195,"[[ 0.  1.  1.]
 [ 1. -1. -1.]
 [ 0.  1. -1.]]",[0.46 0.   0.   0.   0.   0.   0.54 0.   0.  ],0
196,"[[ 0.  1.  1.]
 [ 1. -1. -1.]
 [-1.  1. -1.]]",[1. 0. 0. 0. 0. 0. 0. 0. 0.],0
197,"[[0. 0. 0.]
 [0. 0. 0.]
 [0. 0. 0.]]",[0.06 0.16 0.13 0.08 0.06 0.13 0.11 0.15 0.12],0
198,"[[0. 1. 0.]
 [0. 0. 0.]
 [0. 0. 0.]]",[0.11 0.   0.19 0.12 0.08 0.12 0.13 0.11 0.14],0
199,"[[ 0.  1. -1.]
 [ 0.  0.  0.]
 [ 0.  0.  0.]]",[0.17 0.   0.   0.09 0.1  0.08 0.24 0.13 0.19],0
200,"[[ 0.  1. -1.]
 [ 0.  0.  0.]
 [ 1.  0.  0.]]",[0.09 0.   0.   0.11 0.2  0.41 0.   0.11 0.08],0
201,"[[ 0.  1. -1.]
 [ 0.  0. -1.]
 [ 1.  0.  0.]]",[0.17 0.   0.   0.14 0.16 0.   0.   0.12 0.41],0
202,"[[ 0.  1. -1.]
 [ 0.  0. -1.]
 [ 1.  0.  1.]]",[0.08 0.   0.   0.03 0.86 0.   0.   0.03 0.  ],0
203,"[[ 0.  1. -1.]
 [ 0. -1. -1.]
 [ 1.  0.  1.]]",[0.32 0.   0.   0.38 0.   0.   0.   0.3  0.  ],0
204,"[[ 0.  1. -1.]
 [ 1. -1. -1.]
 [ 1.  0.  1.]]",[0.75 0.   0.   0.   0.   0.   0.   0.25 0.  ],0
205,"[[-1.  1. -1.]
 [ 1. -1. -1.]
 [ 1.  0.  1.]]",[0. 0. 0. 0. 0. 0. 0. 1. 0.],0
206,"[[0. 0. 0.]
 [0. 0. 0.]
 [0. 0. 0.]]",[0.17 0.09 0.11 0.12 0.15 0.09 0.1  0.1  0.07],1
207,"[[1. 0. 0.]
 [0. 0. 0.]
 [0. 0. 0.]]",[0.   0.1  0.1  0.11 0.2  0.07 0.16 0.12 0.14],1
208,"[[ 1.  0.  0.]
 [ 0. -1.  0.]
 [ 0.  0.  0.]]",[0.   0.13 0.08 0.18 0.   0.16 0.09 0.14 0.22],1
209,"[[ 1.  0.  0.]
 [ 0. -1.  0.]
 [ 0.  0.  1.]]",[0.   0.15 0.07 0.06 0.   0.05 0.11 0.56 0.  ],1
210,"[[ 1.  0.  0.]
 [ 0. -1.  0.]
 [ 0. -1.  1.]]",[0.   0.37 0.19 0.17 0.   0.13 0.14 0.   0.  ],1
211,"[[ 1.  1.  0.]
 [ 0. -1.  0.]
 [ 0. -1.  1.]]",[0.   0.   0.02 0.05 0.   0.03 0.9  0.   0.  ],1
212,"[[ 1.  1.  0.]
 [ 0. -1.  0.]
 [-1. -1.  1.]]",[0.   0.   0.3  0.37 0.   0.33 0.   0.   0.  ],1
213,"[[ 1.  1.  0.]
 [ 1. -1.  0.]
 [-1. -1.  1.]]",[0.   0.   0.68 0.   0.   0.32 0.   0.   0.  ],1
214,"[[0. 0. 0.]
 [0. 0. 0.]
 [0. 0. 0.]]",[0.14 0.14 0.06 0.16 0.16 0.11 0.1  0.07 0.06],1
215,"[[0. 0. 0.]
 [1. 0. 0.]
 [0. 0. 0.]]",[0.2  0.07 0.08 0.   0.27 0.1  0.12 0.1  0.06],1
216,"[[ 0.  0.  0.]
 [ 1. -1.  0.]
 [ 0.  0.  0.]]",[0.12 0.25 0.11 0.   0.   0.1  0.08 0.12 0.22],1
217,"[[ 0.  1.  0.]
 [ 1. -1.  0.]
 [ 0.  0.  0.]]",[0.04 0.   0.1  0.   0.   0.06 0.06 0.06 0.68],1
218,"[[ 0.  1.  0.]
 [ 1. -1.  0.]
 [ 0.  0. -1.]]",[0.31 0.   0.19 0.   0.   0.17 0.18 0.15 0.  ],1
219,"[[ 1.  1.  0.]
 [ 1. -1.  0.]
 [ 0.  0. -1.]]",[0.   0.   0.02 0.   0.   0.06 0.87 0.05 0.  ],1
220,"[[ 1.  1.  0.]
 [ 1. -1.  0.]
 [-1.  0. -1.]]",[0.   0.   0.29 0.   0.   0.41 0.   0.3  0.  ],1
221,"[[ 1.  1.  0.]
 [ 1. -1.  1.]
 [-1.  0. -1.]]",[0.   0.   0.47 0.   0.   0.   0.   0.53 0.  ],1
222,"[[0. 0. 0.]
 [0. 0. 0.]
 [0. 0. 0.]]",[0.1  0.12 0.1  0.14 0.18 0.08 0.11 0.09 0.08],0
223,"[[0. 0. 0.]
 [0. 1. 0.]
 [0. 0. 0.]]",[0.13 0.12 0.11 0.1  0.   0.13 0.22 0.1  0.09],0
224,"[[ 0.  0.  0.]
 [ 0.  1.  0.]
 [-1.  0.  0.]]",[0.12 0.23 0.18 0.15 0.   0.1  0.   0.1  0.12],0
225,"[[ 0.  1.  0.]
 [ 0.  1.  0.]
 [-1.  0.  0.]]",[0.87 0.   0.03 0.03 0.   0.03 0.   0.02 0.02],0
226,"[[-1.  1.  0.]
 [ 0.  1.  0.]
 [-1.  0.  0.]]",[0.   0.   0.22 0.34 0.   0.16 0.   0.09 0.19],0
227,"[[-1.  1.  0.]
 [ 1.  1.  0.]
 [-1.  0.  0.]]",[0.   0.   0.83 0.   0.   0.07 0.   0.05 0.05],0
228,"[[-1.  1. -1.]
 [ 1.  1.  0.]
 [-1.  0.  0.]]",[0.   0.   0.   0.   0.   0.27 0.   0.32 0.41],0
229,"[[-1.  1. -1.]
 [ 1.  1.  0.]
 [-1.  0.  1.]]",[0.   0.   0.   0.   0.   0.46 0.   0.54 0.  ],0
230,"[[-1.  1. -1.]
 [ 1.  1.  0.]
 [-1. -1.  1.]]",[0. 0. 0. 0. 0. 1. 0. 0. 0.],0
231,"[[0. 0. 0.]
 [0. 0. 0.]
 [0. 0. 0.]]",[0.06 0.14 0.07 0.21 0.1  0.15 0.08 0.11 0.08],1
232,"[[0. 0. 0.]
 [1. 0. 0.]
 [0. 0. 0.]]",[0.09 0.1  0.14 0.   0.13 0.13 0.15 0.13 0.13],1
233,"[[ 0.  0.  0.]
 [ 1.  0.  0.]
 [-1.  0.  0.]]",[0.19 0.18 0.12 0.   0.14 0.14 0.   0.12 0.11],1
234,"[[ 1.  0.  0.]
 [ 1.  0.  0.]
 [-1.  0.  0.]]",[0.   0.06 0.72 0.   0.06 0.05 0.   0.07 0.04],1
235,"[[ 1.  0. -1.]
 [ 1.  0.  0.]
 [-1.  0.  0.]]",[0.   0.21 0.   0.   0.25 0.19 0.   0.19 0.16],1
236,"[[ 1.  0. -1.]
 [ 1.  1.  0.]
 [-1.  0.  0.]]",[0.   0.01 0.   0.   0.   0.02 0.   0.95 0.02],1
237,"[[ 1.  0. -1.]
 [ 1.  1.  0.]
 [-1. -1.  0.]]",[0.   0.47 0.   0.   0.   0.27 0.   0.   0.26],1
238,"[[ 1.  1. -1.]
 [ 1.  1.  0.]
 [-1. -1.  0.]]",[0.   0.   0.   0.   0.   0.01 0.   0.   0.99],1
239,"[[0. 0. 0.]
 [0. 0. 0.]
 [0. 0. 0.]]",[0.08 0.15 0.13 0.08 0.15 0.14 0.07 0.08 0.12],1
240,"[[0. 1. 0.]
 [0. 0. 0.]
 [0. 0. 0.]]",[0.1  0.   0.12 0.11 0.23 0.07 0.19 0.09 0.09],1
241,"[[ 0.  1.  0.]
 [ 0. -1.  0.]
 [ 0.  0.  0.]]",[0.11 0.   0.09 0.23 0.   0.21 0.1  0.11 0.15],1
242,"[[ 0.  1.  0.]
 [ 1. -1.  0.]
 [ 0.  0.  0.]]",[0.04 0.   0.05 0.   0.   0.04 0.06 0.03 0.78],1
243,"[[ 0.  1.  0.]
 [ 1. -1.  0.]
 [ 0.  0. -1.]]",[0.27 0.   0.19 0.   0.   0.18 0.18 0.18 0.  ],1
244,"[[ 1.  1.  0.]
 [ 1. -1.  0.]
 [ 0.  0. -1.]]",[0.   0.   0.02 0.   0.   0.86 0.07 0.05 0.  ],1
245,"[[ 1.  1.  0.]
 [ 1. -1. -1.]
 [ 0.  0. -1.]]",[0.   0.   0.37 0.   0.   0.   0.19 0.44 0.  ],1
246,"[[ 1.  1.  0.]
 [ 1. -1. -1.]
 [ 0.  1. -1.]]",[0.   0.   0.94 0.   0.   0.   0.06 0.   0.  ],1
247,"[[0. 0. 0.]
 [0. 0. 0.]
 [0. 0. 0.]]",[0.11 0.09 0.07 0.16 0.17 0.08 0.13 0.09 0.1 ],0
248,"[[0. 0. 0.]
 [0. 1. 0.]
 [0. 0. 0.]]",[0.11 0.09 0.2  0.23 0.   0.08 0.1  0.1  0.09],0
249,"[[ 0.  0.  0.]
 [-1.  1.  0.]
 [ 0.  0.  0.]]",[0.22 0.14 0.16 0.   0.   0.12 0.12 0.12 0.12],0
250,"[[ 1.  0.  0.]
 [-1.  1.  0.]
 [ 0.  0.  0.]]",[0.   0.11 0.12 0.   0.   0.17 0.16 0.32 0.12],0
251,"[[ 1.  0.  0.]
 [-1.  1.  0.]
 [ 0. -1.  0.]]",[0.   0.21 0.19 0.   0.   0.34 0.22 0.   0.04],0
252,"[[ 1.  0.  0.]
 [-1.  1.  1.]
 [ 0. -1.  0.]]",[0.   0.88 0.07 0.   0.   0.   0.03 0.   0.02],0
253,"[[ 1. -1.  0.]
 [-1.  1.  1.]
 [ 0. -1.  0.]]",[0.   0.   0.42 0.   0.   0.   0.41 0.   0.17],0
254,"[[ 1. -1.  1.]
 [-1.  1.  1.]
 [ 0. -1.  0.]]",[0.   0.   0.   0.   0.   0.   0.29 0.   0.71],0
255,"[[ 1. -1.  1.]
 [-1.  1.  1.]
 [ 0. -1. -1.]]",[0. 0. 0. 0. 0. 0. 1. 0. 0.],0
256,"[[0. 0. 0.]
 [0. 0. 0.]
 [0. 0. 0.]]",[0.11 0.11 0.1  0.06 0.14 0.11 0.1  0.13 0.14],0
257,"[[0. 0. 0.]
 [0. 1. 0.]
 [0. 0. 0.]]",[0.1  0.11 0.12 0.09 0.   0.19 0.11 0.17 0.11],0
258,"[[ 0.  0.  0.]
 [ 0.  1. -1.]
 [ 0.  0.  0.]]",[0.16 0.14 0.15 0.19 0.   0.   0.13 0.14 0.09],0
259,"[[ 0.  0.  0.]
 [ 1.  1. -1.]
 [ 0.  0.  0.]]",[0.07 0.07 0.05 0.   0.   0.   0.09 0.13 0.59],0
260,"[[ 0.  0.  0.]
 [ 1.  1. -1.]
 [ 0.  0. -1.]]",[0.16 0.14 0.32 0.   0.   0.   0.18 0.2  0.  ],0
261,"[[ 0.  0.  1.]
 [ 1.  1. -1.]
 [ 0.  0. -1.]]",[0.07 0.01 0.   0.   0.   0.   0.05 0.87 0.  ],0
262,"[[ 0.  0.  1.]
 [ 1.  1. -1.]
 [ 0. -1. -1.]]",[0.44 0.29 0.   0.   0.   0.   0.27 0.   0.  ],0
263,"[[ 1.  0.  1.]
 [ 1.  1. -1.]
 [ 0. -1. -1.]]",[0.   0.58 0.   0.   0.   0.   0.42 0.   0.  ],0
264,"[[ 1. -1.  1.]
 [ 1.  1. -1.]
 [ 0. -1. -1.]]",[0. 0. 0. 0. 0. 0. 1. 0. 0.],0
265,"[[0. 0. 0.]
 [0. 0. 0.]
 [0. 0. 0.]]",[0.14 0.07 0.06 0.1  0.1  0.16 0.17 0.09 0.11],1
266,"[[0. 0. 0.]
 [0. 0. 0.]
 [1. 0. 0.]]",[0.16 0.15 0.13 0.16 0.11 0.1  0.   0.11 0.08],1
267,"[[-1.  0.  0.]
 [ 0.  0.  0.]
 [ 1.  0.  0.]]",[0.   0.19 0.14 0.16 0.09 0.12 0.   0.11 0.19],1
268,"[[-1.  1.  0.]
 [ 0.  0.  0.]
 [ 1.  0.  0.]]",[0.   0.   0.12 0.13 0.13 0.1  0.   0.15 0.37],1
269,"[[-1.  1.  0.]
 [ 0.  0.  0.]
 [ 1.  0. -1.]]",[0.   0.   0.15 0.2  0.31 0.16 0.   0.18 0.  ],1
270,"[[-1.  1.  0.]
 [ 0.  1.  0.]
 [ 1.  0. -1.]]",[0.   0.   0.03 0.05 0.   0.89 0.   0.03 0.  ],1
271,"[[-1.  1.  0.]
 [ 0.  1. -1.]
 [ 1.  0. -1.]]",[0.   0.   0.19 0.45 0.   0.   0.   0.36 0.  ],1
272,"[[-1.  1.  0.]
 [ 1.  1. -1.]
 [ 1.  0. -1.]]",[0.   0.   0.52 0.   0.   0.   0.   0.48 0.  ],1
273,"[[0. 0. 0.]
 [0. 0. 0.]
 [0. 0. 0.]]",[0.11 0.08 0.08 0.19 0.1  0.13 0.14 0.08 0.09],0
274,"[[0. 0. 0.]
 [1. 0. 0.]
 [0. 0. 0.]]",[0.12 0.18 0.07 0.   0.18 0.11 0.1  0.1  0.14],0
275,"[[ 0. -1.  0.]
 [ 1.  0.  0.]
 [ 0.  0.  0.]]",[0.16 0.   0.18 0.   0.16 0.11 0.12 0.12 0.15],0
276,"[[ 0. -1.  1.]
 [ 1.  0.  0.]
 [ 0.  0.  0.]]",[0.19 0.   0.   0.   0.52 0.06 0.07 0.07 0.09],0
277,"[[ 0. -1.  1.]
 [ 1. -1.  0.]
 [ 0.  0.  0.]]",[0.14 0.   0.   0.   0.   0.15 0.15 0.42 0.14],0
278,"[[ 0. -1.  1.]
 [ 1. -1.  0.]
 [ 0.  1.  0.]]",[0.07 0.   0.   0.   0.   0.04 0.07 0.   0.82],0
279,"[[ 0. -1.  1.]
 [ 1. -1.  0.]
 [ 0.  1. -1.]]",[0.4  0.   0.   0.   0.   0.33 0.27 0.   0.  ],0
280,"[[ 1. -1.  1.]
 [ 1. -1.  0.]
 [ 0.  1. -1.]]",[0.   0.   0.   0.   0.   0.98 0.02 0.   0.  ],0
281,"[[ 1. -1.  1.]
 [ 1. -1. -1.]
 [ 0.  1. -1.]]",[0. 0. 0. 0. 0. 0. 1. 0. 0.],0
282,"[[0. 0. 0.]
 [0. 0. 0.]
 [0. 0. 0.]]",[0.09 0.07 0.06 0.1  0.1  0.25 0.15 0.09 0.09],0
283,"[[0. 0. 0.]
 [0. 0. 1.]
 [0. 0. 0.]]",[0.1  0.14 0.19 0.13 0.09 0.   0.08 0.16 0.11],0
284,"[[ 0.  0. -1.]
 [ 0.  0.  1.]
 [ 0.  0.  0.]]",[0.14 0.12 0.   0.13 0.22 0.   0.19 0.1  0.1 ],0
285,"[[ 0.  0. -1.]
 [ 0.  1.  1.]
 [ 0.  0.  0.]]",[0.76 0.06 0.   0.04 0.   0.   0.03 0.03 0.08],0
286,"[[-1.  0. -1.]
 [ 0.  1.  1.]
 [ 0.  0.  0.]]",[0.   0.36 0.   0.1  0.   0.   0.17 0.21 0.16],0
287,"[[-1.  1. -1.]
 [ 0.  1.  1.]
 [ 0.  0.  0.]]",[0.   0.   0.   0.02 0.   0.   0.06 0.03 0.89],0
288,"[[-1.  1. -1.]
 [ 0.  1.  1.]
 [ 0.  0. -1.]]",[0.   0.   0.   0.19 0.   0.   0.44 0.37 0.  ],0
289,"[[-1.  1. -1.]
 [ 0.  1.  1.]
 [ 1.  0. -1.]]",[0.   0.   0.   0.61 0.   0.   0.   0.39 0.  ],0
290,"[[-1.  1. -1.]
 [-1.  1.  1.]
 [ 1.  0. -1.]]",[0. 0. 0. 0. 0. 0. 0. 1. 0.],0
291,"[[0. 0. 0.]
 [0. 0. 0.]
 [0. 0. 0.]]",[0.07 0.17 0.1  0.16 0.07 0.13 0.07 0.1  0.13],0
292,"[[0. 1. 0.]
 [0. 0. 0.]
 [0. 0. 0.]]",[0.12 0.   0.18 0.16 0.1  0.1  0.18 0.08 0.08],0
293,"[[ 0.  1. -1.]
 [ 0.  0.  0.]
 [ 0.  0.  0.]]",[0.2  0.   0.   0.18 0.15 0.11 0.12 0.14 0.1 ],0
294,"[[ 1.  1. -1.]
 [ 0.  0.  0.]
 [ 0.  0.  0.]]",[0.   0.   0.   0.2  0.09 0.1  0.23 0.08 0.3 ],0
295,"[[ 1.  1. -1.]
 [ 0.  0.  0.]
 [ 0.  0. -1.]]",[0.   0.   0.   0.11 0.15 0.43 0.13 0.18 0.  ],0
296,"[[ 1.  1. -1.]
 [ 0.  0.  1.]
 [ 0.  0. -1.]]",[0.   0.   0.   0.04 0.88 0.   0.04 0.04 0.  ],0
297,"[[ 1.  1. -1.]
 [ 0. -1.  1.]
 [ 0.  0. -1.]]",[0.   0.   0.   0.23 0.   0.   0.45 0.32 0.  ],0
298,"[[ 1.  1. -1.]
 [ 0. -1.  1.]
 [ 1.  0. -1.]]",[0.   0.   0.   0.04 0.   0.   0.   0.96 0.  ],0
299,"[[ 1.  1. -1.]
 [ 0. -1.  1.]
 [ 1. -1. -1.]]",[0. 0. 0. 1. 0. 0. 0. 0. 0.],0
300,"[[0. 0. 0.]
 [0. 0. 0.]
 [0. 0. 0.]]",[0.11 0.13 0.1  0.06 0.08 0.08 0.14 0.16 0.14],1
301,"[[0. 0. 0.]
 [0. 0. 0.]
 [0. 1. 0.]]",[0.22 0.11 0.07 0.08 0.16 0.09 0.17 0.   0.1 ],1
302,"[[-1.  0.  0.]
 [ 0.  0.  0.]
 [ 0.  1.  0.]]",[0.   0.16 0.08 0.14 0.14 0.13 0.21 0.   0.14],1
303,"[[-1.  0.  0.]
 [ 0.  0.  0.]
 [ 1.  1.  0.]]",[0.   0.22 0.51 0.13 0.04 0.04 0.   0.   0.06],1
304,"[[-1.  0. -1.]
 [ 0.  0.  0.]
 [ 1.  1.  0.]]",[0.   0.31 0.   0.18 0.17 0.24 0.   0.   0.1 ],1
305,"[[-1.  1. -1.]
 [ 0.  0.  0.]
 [ 1.  1.  0.]]",[0.   0.   0.   0.01 0.02 0.95 0.   0.   0.02],1
306,"[[-1.  1. -1.]
 [ 0.  0. -1.]
 [ 1.  1.  0.]]",[0.   0.   0.   0.52 0.16 0.   0.   0.   0.32],1
307,"[[-1.  1. -1.]
 [ 1.  0. -1.]
 [ 1.  1.  0.]]",[0.   0.   0.   0.   0.49 0.   0.   0.   0.51],1
308,"[[0. 0. 0.]
 [0. 0. 0.]
 [0. 0. 0.]]",[0.08 0.1  0.11 0.11 0.17 0.05 0.14 0.07 0.17],0
309,"[[0. 0. 0.]
 [0. 1. 0.]
 [0. 0. 0.]]",[0.22 0.12 0.14 0.12 0.   0.08 0.12 0.1  0.1 ],0
310,"[[-1.  0.  0.]
 [ 0.  1.  0.]
 [ 0.  0.  0.]]",[0.   0.19 0.17 0.11 0.   0.15 0.14 0.11 0.13],0
311,"[[-1.  1.  0.]
 [ 0.  1.  0.]
 [ 0.  0.  0.]]",[0.   0.   0.12 0.09 0.   0.12 0.5  0.04 0.13],0
312,"[[-1.  1.  0.]
 [ 0.  1.  0.]
 [-1.  0.  0.]]",[0.   0.   0.2  0.33 0.   0.2  0.   0.09 0.18],0
313,"[[-1.  1.  0.]
 [ 1.  1.  0.]
 [-1.  0.  0.]]",[0.   0.   0.91 0.   0.   0.05 0.   0.02 0.02],0
314,"[[-1.  1. -1.]
 [ 1.  1.  0.]
 [-1.  0.  0.]]",[0.   0.   0.   0.   0.   0.28 0.   0.13 0.59],0
315,"[[-1.  1. -1.]
 [ 1.  1.  0.]
 [-1.  0.  1.]]",[0.   0.   0.   0.   0.   0.45 0.   0.55 0.  ],0
316,"[[-1.  1. -1.]
 [ 1.  1.  0.]
 [-1. -1.  1.]]",[0. 0. 0. 0. 0. 1. 0. 0. 0.],0
317,"[[0. 0. 0.]
 [0. 0. 0.]
 [0. 0. 0.]]",[0.06 0.11 0.14 0.07 0.15 0.1  0.09 0.14 0.14],0
318,"[[0. 0. 0.]
 [0. 1. 0.]
 [0. 0. 0.]]",[0.15 0.09 0.11 0.15 0.   0.16 0.12 0.1  0.12],0
319,"[[ 0.  0.  0.]
 [ 0.  1. -1.]
 [ 0.  0.  0.]]",[0.18 0.21 0.13 0.15 0.   0.   0.12 0.13 0.08],0
320,"[[ 0.  1.  0.]
 [ 0.  1. -1.]
 [ 0.  0.  0.]]",[0.04 0.   0.1  0.09 0.   0.   0.1  0.06 0.61],0
321,"[[ 0.  1.  0.]
 [ 0.  1. -1.]
 [ 0.  0. -1.]]",[0.22 0.   0.37 0.17 0.   0.   0.18 0.06 0.  ],0
322,"[[ 0.  1.  1.]
 [ 0.  1. -1.]
 [ 0.  0. -1.]]",[0.45 0.   0.   0.47 0.   0.   0.03 0.05 0.  ],0
323,"[[ 0.  1.  1.]
 [-1.  1. -1.]
 [ 0.  0. -1.]]",[0.26 0.   0.   0.   0.   0.   0.38 0.36 0.  ],0
324,"[[0. 0. 0.]
 [0. 0. 0.]
 [0. 0. 0.]]",[0.16 0.12 0.13 0.07 0.1  0.08 0.1  0.08 0.16],0
325,"[[1. 0. 0.]
 [0. 0. 0.]
 [0. 0. 0.]]",[0.   0.11 0.14 0.08 0.15 0.08 0.1  0.19 0.15],0
326,"[[ 1.  0.  0.]
 [ 0.  0.  0.]
 [ 0. -1.  0.]]",[0.   0.08 0.12 0.16 0.13 0.2  0.12 0.   0.19],0
327,"[[ 1.  0.  0.]
 [ 0.  0.  1.]
 [ 0. -1.  0.]]",[0.   0.05 0.04 0.1  0.61 0.   0.12 0.   0.08],0
328,"[[ 1.  0.  0.]
 [ 0. -1.  1.]
 [ 0. -1.  0.]]",[0.   0.46 0.14 0.15 0.   0.   0.12 0.   0.13],0
329,"[[ 1.  1.  0.]
 [ 0. -1.  1.]
 [ 0. -1.  0.]]",[0.   0.   0.02 0.04 0.   0.   0.91 0.   0.03],0
330,"[[ 1.  1.  0.]
 [ 0. -1.  1.]
 [-1. -1.  0.]]",[0.   0.   0.36 0.26 0.   0.   0.   0.   0.38],0
331,"[[ 1.  1.  0.]
 [ 0. -1.  1.]
 [-1. -1.  1.]]",[0.   0.   0.48 0.52 0.   0.   0.   0.   0.  ],0
332,"[[ 1.  1.  0.]
 [-1. -1.  1.]
 [-1. -1.  1.]]",[0. 0. 1. 0. 0. 0. 0. 0. 0.],0
333,"[[0. 0. 0.]
 [0. 0. 0.]
 [0. 0. 0.]]",[0.14 0.11 0.11 0.09 0.12 0.07 0.13 0.08 0.15],0
334,"[[0. 0. 0.]
 [0. 0. 0.]
 [0. 0. 1.]]",[0.14 0.08 0.08 0.09 0.08 0.15 0.22 0.16 0.  ],0
335,"[[ 0.  0.  0.]
 [ 0.  0.  0.]
 [-1.  0.  1.]]",[0.08 0.2  0.1  0.31 0.09 0.13 0.   0.09 0.  ],0
336,"[[ 0.  0.  0.]
 [ 1.  0.  0.]
 [-1.  0.  1.]]",[0.09 0.09 0.38 0.   0.09 0.2  0.   0.15 0.  ],0
337,"[[ 0.  0. -1.]
 [ 1.  0.  0.]
 [-1.  0.  1.]]",[0.18 0.17 0.   0.   0.26 0.15 0.   0.24 0.  ],0
338,"[[ 0.  0. -1.]
 [ 1.  1.  0.]
 [-1.  0.  1.]]",[0.01 0.01 0.   0.   0.   0.04 0.   0.94 0.  ],0
339,"[[ 0.  0. -1.]
 [ 1.  1.  0.]
 [-1. -1.  1.]]",[0.16 0.42 0.   0.   0.   0.42 0.   0.   0.  ],0
340,"[[ 0.  1. -1.]
 [ 1.  1.  0.]
 [-1. -1.  1.]]",[0.76 0.   0.   0.   0.   0.24 0.   0.   0.  ],0
341,"[[-1.  1. -1.]
 [ 1.  1.  0.]
 [-1. -1.  1.]]",[0. 0. 0. 0. 0. 1. 0. 0. 0.],0
342,"[[0. 0. 0.]
 [0. 0. 0.]
 [0. 0. 0.]]",[0.07 0.14 0.09 0.12 0.09 0.15 0.17 0.08 0.09],1
343,"[[0. 0. 0.]
 [0. 0. 0.]
 [1. 0. 0.]]",[0.15 0.13 0.11 0.1  0.09 0.15 0.   0.11 0.16],1
344,"[[ 0.  0.  0.]
 [ 0.  0.  0.]
 [ 1.  0. -1.]]",[0.15 0.19 0.18 0.08 0.13 0.11 0.   0.16 0.  ],1
345,"[[ 0.  1.  0.]
 [ 0.  0.  0.]
 [ 1.  0. -1.]]",[0.04 0.   0.05 0.08 0.04 0.7  0.   0.09 0.  ],1
346,"[[ 0.  1.  0.]
 [ 0.  0. -1.]
 [ 1.  0. -1.]]",[0.15 0.   0.28 0.2  0.18 0.   0.   0.19 0.  ],1
347,"[[ 0.  1.  1.]
 [ 0.  0. -1.]
 [ 1.  0. -1.]]",[0.02 0.   0.   0.05 0.9  0.   0.   0.03 0.  ],1
348,"[[ 0.  1.  1.]
 [ 0. -1. -1.]
 [ 1.  0. -1.]]",[0.29 0.   0.   0.33 0.   0.   0.   0.38 0.  ],1
349,"[[ 0.  1.  1.]
 [ 0. -1. -1.]
 [ 1.  1. -1.]]",[0.47 0.   0.   0.53 0.   0.   0.   0.   0.  ],1
350,"[[0. 0. 0.]
 [0. 0. 0.]
 [0. 0. 0.]]",[0.09 0.09 0.14 0.09 0.11 0.09 0.08 0.15 0.16],1
351,"[[0. 0. 0.]
 [0. 0. 0.]
 [0. 0. 1.]]",[0.07 0.17 0.17 0.14 0.08 0.15 0.07 0.15 0.  ],1
352,"[[ 0. -1.  0.]
 [ 0.  0.  0.]
 [ 0.  0.  1.]]",[0.21 0.   0.11 0.17 0.11 0.11 0.13 0.16 0.  ],1
353,"[[ 1. -1.  0.]
 [ 0.  0.  0.]
 [ 0.  0.  1.]]",[0.   0.   0.11 0.08 0.05 0.08 0.15 0.53 0.  ],1
354,"[[ 1. -1.  0.]
 [ 0.  0.  0.]
 [ 0. -1.  1.]]",[0.   0.   0.24 0.24 0.06 0.21 0.25 0.   0.  ],1
355,"[[ 1. -1.  0.]
 [ 0.  0.  0.]
 [ 1. -1.  1.]]",[0.   0.   0.05 0.02 0.91 0.02 0.   0.   0.  ],1
356,"[[0. 0. 0.]
 [0. 0. 0.]
 [0. 0. 0.]]",[0.17 0.08 0.08 0.14 0.16 0.1  0.11 0.07 0.09],0
357,"[[1. 0. 0.]
 [0. 0. 0.]
 [0. 0. 0.]]",[0.   0.28 0.14 0.07 0.07 0.12 0.12 0.08 0.12],0
358,"[[ 1. -1.  0.]
 [ 0.  0.  0.]
 [ 0.  0.  0.]]",[0.   0.   0.1  0.09 0.13 0.19 0.09 0.22 0.18],0
359,"[[ 1. -1.  0.]
 [ 0.  0.  0.]
 [ 0.  1.  0.]]",[0.   0.   0.1  0.2  0.29 0.16 0.16 0.   0.09],0
360,"[[ 1. -1.  0.]
 [ 0. -1.  0.]
 [ 0.  1.  0.]]",[0.   0.   0.3  0.18 0.   0.21 0.16 0.   0.15],0
361,"[[ 1. -1.  1.]
 [ 0. -1.  0.]
 [ 0.  1.  0.]]",[0.   0.   0.   0.96 0.   0.01 0.02 0.   0.01],0
362,"[[ 1. -1.  1.]
 [-1. -1.  0.]
 [ 0.  1.  0.]]",[0.   0.   0.   0.   0.   0.38 0.26 0.   0.36],0
363,"[[ 1. -1.  1.]
 [-1. -1.  1.]
 [ 0.  1.  0.]]",[0.   0.   0.   0.   0.   0.   0.99 0.   0.01],0
364,"[[ 1. -1.  1.]
 [-1. -1.  1.]
 [-1.  1.  0.]]",[0. 0. 0. 0. 0. 0. 0. 0. 1.],0
365,"[[0. 0. 0.]
 [0. 0. 0.]
 [0. 0. 0.]]",[0.09 0.17 0.1  0.2  0.1  0.08 0.09 0.08 0.09],0
366,"[[0. 0. 0.]
 [1. 0. 0.]
 [0. 0. 0.]]",[0.11 0.08 0.1  0.   0.19 0.08 0.16 0.07 0.21],0
367,"[[ 0.  0.  0.]
 [ 1.  0.  0.]
 [ 0.  0. -1.]]",[0.15 0.11 0.23 0.   0.14 0.12 0.1  0.15 0.  ],0
368,"[[ 0.  0.  1.]
 [ 1.  0.  0.]
 [ 0.  0. -1.]]",[0.66 0.05 0.   0.   0.05 0.06 0.1  0.08 0.  ],0
369,"[[-1.  0.  1.]
 [ 1.  0.  0.]
 [ 0.  0. -1.]]",[0.   0.14 0.   0.   0.44 0.15 0.12 0.15 0.  ],0
370,"[[-1.  0.  1.]
 [ 1.  1.  0.]
 [ 0.  0. -1.]]",[0.   0.91 0.   0.   0.   0.02 0.05 0.02 0.  ],0
371,"[[-1. -1.  1.]
 [ 1.  1.  0.]
 [ 0.  0. -1.]]",[0.   0.   0.   0.   0.   0.28 0.2  0.52 0.  ],0
372,"[[-1. -1.  1.]
 [ 1.  1.  0.]
 [ 0.  1. -1.]]",[0.   0.   0.   0.   0.   0.99 0.01 0.   0.  ],0
373,"[[-1. -1.  1.]
 [ 1.  1. -1.]
 [ 0.  1. -1.]]",[0. 0. 0. 0. 0. 0. 1. 0. 0.],0
374,"[[0. 0. 0.]
 [0. 0. 0.]
 [0. 0. 0.]]",[0.1  0.12 0.13 0.14 0.17 0.1  0.08 0.06 0.1 ],0
375,"[[0. 0. 0.]
 [0. 1. 0.]
 [0. 0. 0.]]",[0.08 0.09 0.11 0.16 0.   0.15 0.21 0.11 0.09],0
376,"[[ 0.  0.  0.]
 [ 0.  1.  0.]
 [-1.  0.  0.]]",[0.14 0.18 0.18 0.12 0.   0.18 0.   0.12 0.08],0
377,"[[ 0.  1.  0.]
 [ 0.  1.  0.]
 [-1.  0.  0.]]",[0.26 0.   0.13 0.48 0.   0.03 0.   0.05 0.05],0
378,"[[ 0.  1.  0.]
 [-1.  1.  0.]
 [-1.  0.  0.]]",[0.27 0.   0.18 0.   0.   0.19 0.   0.16 0.2 ],0
379,"[[ 1.  1.  0.]
 [-1.  1.  0.]
 [-1.  0.  0.]]",[0.   0.   0.06 0.   0.   0.88 0.   0.01 0.05],0
380,"[[ 1.  1.  0.]
 [-1.  1. -1.]
 [-1.  0.  0.]]",[0.   0.   0.5  0.   0.   0.   0.   0.34 0.16],0
381,"[[0. 0. 0.]
 [0. 0. 0.]
 [0. 0. 0.]]",[0.09 0.2  0.08 0.1  0.09 0.09 0.13 0.12 0.1 ],0
382,"[[0. 1. 0.]
 [0. 0. 0.]
 [0. 0. 0.]]",[0.1  0.   0.12 0.12 0.09 0.11 0.11 0.21 0.14],0
383,"[[ 0.  1.  0.]
 [ 0.  0.  0.]
 [ 0. -1.  0.]]",[0.11 0.   0.09 0.25 0.13 0.14 0.15 0.   0.13],0
384,"[[ 0.  1.  0.]
 [ 1.  0.  0.]
 [ 0. -1.  0.]]",[0.17 0.   0.15 0.   0.17 0.2  0.15 0.   0.16],0
385,"[[ 0.  1.  0.]
 [ 1.  0. -1.]
 [ 0. -1.  0.]]",[0.11 0.   0.12 0.   0.23 0.   0.15 0.   0.39],0
386,"[[ 0.  1.  0.]
 [ 1.  0. -1.]
 [ 0. -1.  1.]]",[0.07 0.   0.87 0.   0.04 0.   0.02 0.   0.  ],0
387,"[[ 0.  1. -1.]
 [ 1.  0. -1.]
 [ 0. -1.  1.]]",[0.25 0.   0.   0.   0.38 0.   0.37 0.   0.  ],0
388,"[[ 0.  1. -1.]
 [ 1.  1. -1.]
 [ 0. -1.  1.]]",[0.03 0.   0.   0.   0.   0.   0.97 0.   0.  ],0
389,"[[ 0.  1. -1.]
 [ 1.  1. -1.]
 [-1. -1.  1.]]",[1. 0. 0. 0. 0. 0. 0. 0. 0.],0
390,"[[0. 0. 0.]
 [0. 0. 0.]
 [0. 0. 0.]]",[0.07 0.14 0.14 0.08 0.2  0.07 0.1  0.11 0.09],0
391,"[[0. 0. 0.]
 [0. 1. 0.]
 [0. 0. 0.]]",[0.16 0.06 0.25 0.08 0.   0.08 0.14 0.16 0.07],0
392,"[[ 0.  0. -1.]
 [ 0.  1.  0.]
 [ 0.  0.  0.]]",[0.11 0.12 0.   0.24 0.   0.11 0.18 0.16 0.08],0
393,"[[ 0.  0. -1.]
 [ 1.  1.  0.]
 [ 0.  0.  0.]]",[0.14 0.62 0.   0.   0.   0.04 0.03 0.09 0.08],0
394,"[[ 0. -1. -1.]
 [ 1.  1.  0.]
 [ 0.  0.  0.]]",[0.29 0.   0.   0.   0.   0.05 0.17 0.2  0.29],0
395,"[[ 1. -1. -1.]
 [ 1.  1.  0.]
 [ 0.  0.  0.]]",[0.   0.   0.   0.   0.   0.03 0.06 0.87 0.04],0
396,"[[ 1. -1. -1.]
 [ 1.  1.  0.]
 [ 0. -1.  0.]]",[0.   0.   0.   0.   0.   0.38 0.18 0.   0.44],0
397,"[[0. 0. 0.]
 [0. 0. 0.]
 [0. 0. 0.]]",[0.16 0.1  0.15 0.15 0.14 0.05 0.09 0.08 0.08],1
398,"[[1. 0. 0.]
 [0. 0. 0.]
 [0. 0. 0.]]",[0.   0.13 0.08 0.09 0.17 0.07 0.13 0.25 0.08],1
399,"[[ 1.  0.  0.]
 [ 0.  0.  0.]
 [ 0. -1.  0.]]",[0.   0.08 0.16 0.18 0.14 0.12 0.17 0.   0.15],1
400,"[[ 1.  0.  0.]
 [ 1.  0.  0.]
 [ 0. -1.  0.]]",[0.   0.11 0.08 0.   0.64 0.08 0.04 0.   0.05],1
401,"[[ 1.  0.  0.]
 [ 1. -1.  0.]
 [ 0. -1.  0.]]",[0.   0.34 0.19 0.   0.   0.19 0.1  0.   0.18],1
402,"[[ 1.  1.  0.]
 [ 1. -1.  0.]
 [ 0. -1.  0.]]",[0.   0.   0.02 0.   0.   0.01 0.92 0.   0.05],1
403,"[[ 1.  1.  0.]
 [ 1. -1.  0.]
 [-1. -1.  0.]]",[0.   0.   0.19 0.   0.   0.35 0.   0.   0.46],1
404,"[[ 1.  1.  0.]
 [ 1. -1.  0.]
 [-1. -1.  1.]]",[0.   0.   0.57 0.   0.   0.43 0.   0.   0.  ],1
405,"[[0. 0. 0.]
 [0. 0. 0.]
 [0. 0. 0.]]",[0.14 0.09 0.13 0.1  0.07 0.12 0.09 0.08 0.18],0
406,"[[0. 0. 0.]
 [0. 0. 0.]
 [0. 0. 1.]]",[0.09 0.12 0.12 0.1  0.07 0.18 0.1  0.22 0.  ],0
407,"[[ 0.  0.  0.]
 [ 0.  0.  0.]
 [ 0. -1.  1.]]",[0.08 0.22 0.21 0.12 0.08 0.17 0.12 0.   0.  ],0
408,"[[ 0.  1.  0.]
 [ 0.  0.  0.]
 [ 0. -1.  1.]]",[0.09 0.   0.17 0.47 0.08 0.08 0.11 0.   0.  ],0
409,"[[ 0.  1.  0.]
 [-1.  0.  0.]
 [ 0. -1.  1.]]",[0.18 0.   0.11 0.   0.24 0.18 0.29 0.   0.  ],0
410,"[[ 0.  1.  0.]
 [-1.  0.  0.]
 [ 1. -1.  1.]]",[0.03 0.   0.22 0.   0.05 0.7  0.   0.   0.  ],0
411,"[[ 0.  1.  0.]
 [-1.  0. -1.]
 [ 1. -1.  1.]]",[0.27 0.   0.35 0.   0.38 0.   0.   0.   0.  ],0
412,"[[ 0.  1.  0.]
 [-1.  1. -1.]
 [ 1. -1.  1.]]",[0.99 0.   0.01 0.   0.   0.   0.   0.   0.  ],0
413,"[[-1.  1.  0.]
 [-1.  1. -1.]
 [ 1. -1.  1.]]",[0. 0. 1. 0. 0. 0. 0. 0. 0.],0
414,"[[0. 0. 0.]
 [0. 0. 0.]
 [0. 0. 0.]]",[0.16 0.09 0.11 0.07 0.14 0.14 0.14 0.07 0.08],1
415,"[[1. 0. 0.]
 [0. 0. 0.]
 [0. 0. 0.]]",[0.   0.13 0.08 0.1  0.19 0.11 0.18 0.11 0.1 ],1
416,"[[ 1.  0.  0.]
 [ 0. -1.  0.]
 [ 0.  0.  0.]]",[0.   0.17 0.08 0.19 0.   0.2  0.1  0.11 0.15],1
417,"[[ 1.  0.  0.]
 [ 0. -1.  1.]
 [ 0.  0.  0.]]",[0.   0.05 0.09 0.14 0.   0.   0.06 0.56 0.1 ],1
418,"[[ 1.  0.  0.]
 [ 0. -1.  1.]
 [ 0. -1.  0.]]",[0.   0.3  0.16 0.19 0.   0.   0.19 0.   0.16],1
419,"[[ 1.  1.  0.]
 [ 0. -1.  1.]
 [ 0. -1.  0.]]",[0.   0.   0.03 0.05 0.   0.   0.89 0.   0.03],1
420,"[[ 1.  1.  0.]
 [ 0. -1.  1.]
 [-1. -1.  0.]]",[0.   0.   0.21 0.37 0.   0.   0.   0.   0.42],1
421,"[[ 1.  1.  0.]
 [ 0. -1.  1.]
 [-1. -1.  1.]]",[0.   0.   0.53 0.47 0.   0.   0.   0.   0.  ],1
422,"[[0. 0. 0.]
 [0. 0. 0.]
 [0. 0. 0.]]",[0.14 0.07 0.08 0.09 0.16 0.13 0.07 0.09 0.17],0
423,"[[0. 0. 0.]
 [0. 0. 0.]
 [0. 0. 1.]]",[0.19 0.07 0.07 0.17 0.1  0.13 0.13 0.14 0.  ],0
424,"[[-1.  0.  0.]
 [ 0.  0.  0.]
 [ 0.  0.  1.]]",[0.   0.12 0.17 0.19 0.16 0.08 0.12 0.16 0.  ],0
425,"[[-1.  0.  0.]
 [ 1.  0.  0.]
 [ 0.  0.  1.]]",[0.   0.47 0.05 0.   0.11 0.09 0.07 0.21 0.  ],0
426,"[[-1. -1.  0.]
 [ 1.  0.  0.]
 [ 0.  0.  1.]]",[0.   0.   0.38 0.   0.17 0.14 0.19 0.12 0.  ],0
427,"[[-1. -1.  1.]
 [ 1.  0.  0.]
 [ 0.  0.  1.]]",[0.   0.   0.   0.   0.06 0.03 0.02 0.89 0.  ],0
428,"[[-1. -1.  1.]
 [ 1.  0.  0.]
 [ 0. -1.  1.]]",[0.   0.   0.   0.   0.45 0.15 0.4  0.   0.  ],0
429,"[[-1. -1.  1.]
 [ 1.  1.  0.]
 [ 0. -1.  1.]]",[0.   0.   0.   0.   0.   0.99 0.01 0.   0.  ],0
430,"[[-1. -1.  1.]
 [ 1.  1. -1.]
 [ 0. -1.  1.]]",[0. 0. 0. 0. 0. 0. 1. 0. 0.],0
431,"[[0. 0. 0.]
 [0. 0. 0.]
 [0. 0. 0.]]",[0.09 0.1  0.22 0.07 0.16 0.08 0.07 0.11 0.1 ],0
432,"[[0. 0. 1.]
 [0. 0. 0.]
 [0. 0. 0.]]",[0.21 0.07 0.   0.12 0.11 0.14 0.13 0.09 0.13],0
433,"[[-1.  0.  1.]
 [ 0.  0.  0.]
 [ 0.  0.  0.]]",[0.   0.17 0.   0.15 0.12 0.14 0.09 0.12 0.21],0
434,"[[-1.  0.  1.]
 [ 0.  0.  0.]
 [ 0.  0.  1.]]",[0.   0.08 0.   0.09 0.11 0.14 0.49 0.09 0.  ],0
435,"[[-1.  0.  1.]
 [ 0.  0.  0.]
 [-1.  0.  1.]]",[0.   0.15 0.   0.44 0.13 0.06 0.   0.22 0.  ],0
436,"[[-1.  0.  1.]
 [ 1.  0.  0.]
 [-1.  0.  1.]]",[0.   0.07 0.   0.   0.88 0.03 0.   0.02 0.  ],0
437,"[[-1.  0.  1.]
 [ 1. -1.  0.]
 [-1.  0.  1.]]",[0.   0.4  0.   0.   0.   0.16 0.   0.44 0.  ],0
438,"[[-1.  0.  1.]
 [ 1. -1.  0.]
 [-1.  1.  1.]]",[0.   0.97 0.   0.   0.   0.03 0.   0.   0.  ],0
439,"[[-1. -1.  1.]
 [ 1. -1.  0.]
 [-1.  1.  1.]]",[0. 0. 0. 0. 0. 1. 0. 0. 0.],0
440,"[[0. 0. 0.]
 [0. 0. 0.]
 [0. 0. 0.]]",[0.13 0.09 0.16 0.12 0.1  0.08 0.08 0.18 0.06],1
441,"[[0. 0. 0.]
 [0. 0. 0.]
 [0. 1. 0.]]",[0.22 0.1  0.14 0.09 0.15 0.14 0.09 0.   0.07],1
442,"[[-1.  0.  0.]
 [ 0.  0.  0.]
 [ 0.  1.  0.]]",[0.   0.15 0.1  0.34 0.08 0.12 0.1  0.   0.11],1
443,"[[-1.  0.  0.]
 [ 1.  0.  0.]
 [ 0.  1.  0.]]",[0.   0.21 0.55 0.   0.06 0.05 0.08 0.   0.05],1
444,"[[-1.  0. -1.]
 [ 1.  0.  0.]
 [ 0.  1.  0.]]",[0.   0.26 0.   0.   0.14 0.25 0.21 0.   0.14],1
445,"[[-1.  1. -1.]
 [ 1.  0.  0.]
 [ 0.  1.  0.]]",[0.   0.   0.   0.   0.05 0.05 0.03 0.   0.87],1
446,"[[-1.  1. -1.]
 [ 1.  0.  0.]
 [ 0.  1. -1.]]",[0.   0.   0.   0.   0.33 0.29 0.38 0.   0.  ],1
447,"[[-1.  1. -1.]
 [ 1.  0.  0.]
 [ 1.  1. -1.]]",[0.   0.   0.   0.   0.62 0.38 0.   0.   0.  ],1
448,"[[0. 0. 0.]
 [0. 0. 0.]
 [0. 0. 0.]]",[0.14 0.11 0.07 0.13 0.07 0.09 0.12 0.12 0.15],0
449,"[[0. 0. 0.]
 [0. 0. 0.]
 [0. 0. 1.]]",[0.1  0.09 0.16 0.13 0.18 0.1  0.16 0.08 0.  ],0
450,"[[ 0.  0.  0.]
 [ 0. -1.  0.]
 [ 0.  0.  1.]]",[0.13 0.11 0.15 0.11 0.   0.11 0.26 0.13 0.  ],0
451,"[[ 0.  0.  0.]
 [ 0. -1.  0.]
 [ 1.  0.  1.]]",[0.14 0.13 0.24 0.13 0.   0.29 0.   0.07 0.  ],0
452,"[[ 0.  0.  0.]
 [ 0. -1. -1.]
 [ 1.  0.  1.]]",[0.22 0.2  0.19 0.34 0.   0.   0.   0.05 0.  ],0
453,"[[ 0.  0.  0.]
 [ 1. -1. -1.]
 [ 1.  0.  1.]]",[0.03 0.01 0.93 0.   0.   0.   0.   0.03 0.  ],0
454,"[[ 0.  0. -1.]
 [ 1. -1. -1.]
 [ 1.  0.  1.]]",[0.27 0.34 0.   0.   0.   0.   0.   0.39 0.  ],0
455,"[[0. 0. 0.]
 [0. 0. 0.]
 [0. 0. 0.]]",[0.11 0.14 0.07 0.09 0.12 0.09 0.08 0.15 0.15],0
456,"[[0. 0. 0.]
 [0. 0. 0.]
 [0. 1. 0.]]",[0.22 0.09 0.17 0.07 0.1  0.12 0.09 0.   0.14],0
457,"[[-1.  0.  0.]
 [ 0.  0.  0.]
 [ 0.  1.  0.]]",[0.   0.11 0.26 0.22 0.09 0.11 0.1  0.   0.11],0
458,"[[-1.  0.  1.]
 [ 0.  0.  0.]
 [ 0.  1.  0.]]",[0.   0.18 0.   0.07 0.2  0.08 0.27 0.   0.2 ],0
459,"[[-1.  0.  1.]
 [ 0.  0.  0.]
 [-1.  1.  0.]]",[0.   0.16 0.   0.43 0.15 0.12 0.   0.   0.14],0
460,"[[-1.  0.  1.]
 [ 1.  0.  0.]
 [-1.  1.  0.]]",[0.   0.07 0.   0.   0.8  0.09 0.   0.   0.04],0
461,"[[-1.  0.  1.]
 [ 1. -1.  0.]
 [-1.  1.  0.]]",[0.   0.25 0.   0.   0.   0.31 0.   0.   0.44],0
462,"[[-1.  0.  1.]
 [ 1. -1.  0.]
 [-1.  1.  1.]]",[0.   0.97 0.   0.   0.   0.03 0.   0.   0.  ],0
463,"[[-1. -1.  1.]
 [ 1. -1.  0.]
 [-1.  1.  1.]]",[0. 0. 0. 0. 0. 1. 0. 0. 0.],0
464,"[[0. 0. 0.]
 [0. 0. 0.]
 [0. 0. 0.]]",[0.1  0.16 0.12 0.15 0.06 0.15 0.1  0.06 0.1 ],0
465,"[[0. 1. 0.]
 [0. 0. 0.]
 [0. 0. 0.]]",[0.08 0.   0.07 0.23 0.12 0.18 0.09 0.09 0.14],0
466,"[[ 0.  1.  0.]
 [-1.  0.  0.]
 [ 0.  0.  0.]]",[0.14 0.   0.09 0.   0.14 0.15 0.13 0.16 0.19],0
467,"[[ 0.  1.  0.]
 [-1.  0.  0.]
 [ 0.  0.  1.]]",[0.08 0.   0.04 0.   0.06 0.04 0.73 0.05 0.  ],0
468,"[[ 0.  1.  0.]
 [-1.  0.  0.]
 [-1.  0.  1.]]",[0.28 0.   0.17 0.   0.19 0.19 0.   0.17 0.  ],0
469,"[[ 1.  1.  0.]
 [-1.  0.  0.]
 [-1.  0.  1.]]",[0.   0.   0.03 0.   0.03 0.04 0.   0.9  0.  ],0
470,"[[ 1.  1.  0.]
 [-1.  0.  0.]
 [-1. -1.  1.]]",[0.   0.   0.24 0.   0.27 0.49 0.   0.   0.  ],0
471,"[[ 1.  1.  0.]
 [-1.  0.  1.]
 [-1. -1.  1.]]",[0.   0.   0.97 0.   0.03 0.   0.   0.   0.  ],0
472,"[[ 1.  1. -1.]
 [-1.  0.  1.]
 [-1. -1.  1.]]",[0. 0. 0. 0. 1. 0. 0. 0. 0.],0
473,"[[0. 0. 0.]
 [0. 0. 0.]
 [0. 0. 0.]]",[0.09 0.13 0.15 0.16 0.13 0.08 0.1  0.09 0.07],0
474,"[[0. 0. 0.]
 [1. 0. 0.]
 [0. 0. 0.]]",[0.13 0.09 0.11 0.   0.08 0.18 0.1  0.09 0.22],0
475,"[[ 0.  0.  0.]
 [ 1.  0.  0.]
 [ 0.  0. -1.]]",[0.13 0.12 0.12 0.   0.13 0.18 0.12 0.2  0.  ],0
476,"[[ 0.  0.  0.]
 [ 1.  0.  0.]
 [ 0.  1. -1.]]",[0.07 0.12 0.13 0.   0.51 0.08 0.09 0.   0.  ],0
477,"[[ 0.  0.  0.]
 [ 1. -1.  0.]
 [ 0.  1. -1.]]",[0.49 0.12 0.12 0.   0.   0.15 0.12 0.   0.  ],0
478,"[[ 1.  0.  0.]
 [ 1. -1.  0.]
 [ 0.  1. -1.]]",[0.   0.02 0.02 0.   0.   0.94 0.02 0.   0.  ],0
479,"[[ 1.  0.  0.]
 [ 1. -1. -1.]
 [ 0.  1. -1.]]",[0.   0.5  0.37 0.   0.   0.   0.13 0.   0.  ],0
480,"[[ 1.  1.  0.]
 [ 1. -1. -1.]
 [ 0.  1. -1.]]",[0.   0.   0.48 0.   0.   0.   0.52 0.   0.  ],0
481,"[[ 1.  1.  0.]
 [ 1. -1. -1.]
 [-1.  1. -1.]]",[0. 0. 1. 0. 0. 0. 0. 0. 0.],0
482,"[[0. 0. 0.]
 [0. 0. 0.]
 [0. 0. 0.]]",[0.09 0.15 0.09 0.16 0.15 0.07 0.1  0.09 0.1 ],1
483,"[[0. 0. 0.]
 [1. 0. 0.]
 [0. 0. 0.]]",[0.2  0.08 0.11 0.   0.12 0.09 0.1  0.21 0.09],1
484,"[[ 0.  0.  0.]
 [ 1.  0.  0.]
 [ 0. -1.  0.]]",[0.12 0.17 0.12 0.   0.16 0.19 0.13 0.   0.11],1
485,"[[ 0.  0.  0.]
 [ 1.  0.  1.]
 [ 0. -1.  0.]]",[0.16 0.27 0.09 0.   0.27 0.   0.1  0.   0.11],1
486,"[[ 0. -1.  0.]
 [ 1.  0.  1.]
 [ 0. -1.  0.]]",[0.32 0.   0.25 0.   0.07 0.   0.19 0.   0.17],1
487,"[[ 1. -1.  0.]
 [ 1.  0.  1.]
 [ 0. -1.  0.]]",[0.   0.   0.04 0.   0.92 0.   0.02 0.   0.02],1
488,"[[0. 0. 0.]
 [0. 0. 0.]
 [0. 0. 0.]]",[0.14 0.12 0.09 0.07 0.15 0.17 0.12 0.08 0.06],1
489,"[[0. 0. 0.]
 [0. 0. 1.]
 [0. 0. 0.]]",[0.11 0.17 0.11 0.17 0.16 0.   0.08 0.11 0.09],1
490,"[[ 0. -1.  0.]
 [ 0.  0.  1.]
 [ 0.  0.  0.]]",[0.16 0.   0.11 0.2  0.12 0.   0.16 0.15 0.1 ],1
491,"[[ 0. -1.  0.]
 [ 1.  0.  1.]
 [ 0.  0.  0.]]",[0.51 0.   0.17 0.   0.08 0.   0.07 0.09 0.08],1
492,"[[-1. -1.  0.]
 [ 1.  0.  1.]
 [ 0.  0.  0.]]",[0.   0.   0.29 0.   0.09 0.   0.15 0.26 0.21],1
493,"[[-1. -1.  1.]
 [ 1.  0.  1.]
 [ 0.  0.  0.]]",[0.   0.   0.   0.   0.05 0.   0.03 0.03 0.89],1
494,"[[-1. -1.  1.]
 [ 1.  0.  1.]
 [ 0.  0. -1.]]",[0.   0.   0.   0.   0.23 0.   0.32 0.45 0.  ],1
495,"[[-1. -1.  1.]
 [ 1.  0.  1.]
 [ 0.  1. -1.]]",[0.   0.   0.   0.   0.99 0.   0.01 0.   0.  ],1
496,"[[0. 0. 0.]
 [0. 0. 0.]
 [0. 0. 0.]]",[0.17 0.07 0.13 0.12 0.12 0.13 0.09 0.07 0.1 ],0
497,"[[1. 0. 0.]
 [0. 0. 0.]
 [0. 0. 0.]]",[0.   0.13 0.14 0.11 0.09 0.14 0.19 0.1  0.1 ],0
498,"[[ 1.  0.  0.]
 [ 0.  0.  0.]
 [-1.  0.  0.]]",[0.   0.08 0.11 0.17 0.14 0.21 0.   0.13 0.16],0
499,"[[ 1.  0.  0.]
 [ 0.  0.  1.]
 [-1.  0.  0.]]",[0.   0.1  0.13 0.11 0.32 0.   0.   0.21 0.13],0
500,"[[ 1.  0.  0.]
 [ 0. -1.  1.]
 [-1.  0.  0.]]",[0.   0.19 0.23 0.21 0.   0.   0.   0.2  0.17],0
501,"[[ 1.  0.  1.]
 [ 0. -1.  1.]
 [-1.  0.  0.]]",[0.   0.03 0.   0.01 0.   0.   0.   0.93 0.03],0
502,"[[ 1.  0.  1.]
 [ 0. -1.  1.]
 [-1. -1.  0.]]",[0.   0.24 0.   0.23 0.   0.   0.   0.   0.53],0
503,"[[0. 0. 0.]
 [0. 0. 0.]
 [0. 0. 0.]]",[0.25 0.08 0.12 0.08 0.13 0.09 0.08 0.1  0.07],0
504,"[[1. 0. 0.]
 [0. 0. 0.]
 [0. 0. 0.]]",[0.   0.22 0.16 0.09 0.14 0.09 0.11 0.08 0.11],0
505,"[[ 1. -1.  0.]
 [ 0.  0.  0.]
 [ 0.  0.  0.]]",[0.   0.   0.16 0.09 0.18 0.11 0.09 0.27 0.1 ],0
506,"[[ 1. -1.  0.]
 [ 0.  0.  0.]
 [ 0.  1.  0.]]",[0.   0.   0.09 0.19 0.13 0.29 0.13 0.   0.17],0
507,"[[ 1. -1.  0.]
 [ 0.  0. -1.]
 [ 0.  1.  0.]]",[0.   0.   0.33 0.18 0.24 0.   0.11 0.   0.14],0
508,"[[ 1. -1.  1.]
 [ 0.  0. -1.]
 [ 0.  1.  0.]]",[0.   0.   0.   0.03 0.89 0.   0.05 0.   0.03],0
509,"[[ 1. -1.  1.]
 [ 0. -1. -1.]
 [ 0.  1.  0.]]",[0.   0.   0.   0.41 0.   0.   0.23 0.   0.36],0
510,"[[ 1. -1.  1.]
 [ 1. -1. -1.]
 [ 0.  1.  0.]]",[0.   0.   0.   0.   0.   0.   0.02 0.   0.98],0
511,"[[ 1. -1.  1.]
 [ 1. -1. -1.]
 [ 0.  1. -1.]]",[0. 0. 0. 0. 0. 0. 1. 0. 0.],0
512,"[[0. 0. 0.]
 [0. 0. 0.]
 [0. 0. 0.]]",[0.11 0.08 0.13 0.12 0.09 0.14 0.08 0.16 0.09],0
513,"[[0. 0. 0.]
 [0. 0. 0.]
 [0. 1. 0.]]",[0.12 0.11 0.14 0.11 0.11 0.12 0.17 0.   0.12],0
514,"[[ 0.  0.  0.]
 [ 0.  0.  0.]
 [-1.  1.  0.]]",[0.17 0.12 0.08 0.2  0.13 0.19 0.   0.   0.11],0
515,"[[ 0.  0.  0.]
 [ 1.  0.  0.]
 [-1.  1.  0.]]",[0.05 0.07 0.08 0.   0.61 0.09 0.   0.   0.1 ],0
516,"[[ 0.  0.  0.]
 [ 1. -1.  0.]
 [-1.  1.  0.]]",[0.09 0.09 0.54 0.   0.   0.18 0.   0.   0.1 ],0
517,"[[ 0.  0.  1.]
 [ 1. -1.  0.]
 [-1.  1.  0.]]",[0.79 0.1  0.   0.   0.   0.06 0.   0.   0.05],0
518,"[[-1.  0.  1.]
 [ 1. -1.  0.]
 [-1.  1.  0.]]",[0.   0.24 0.   0.   0.   0.27 0.   0.   0.49],0
519,"[[-1.  0.  1.]
 [ 1. -1.  0.]
 [-1.  1.  1.]]",[0.   0.99 0.   0.   0.   0.01 0.   0.   0.  ],0
520,"[[-1. -1.  1.]
 [ 1. -1.  0.]
 [-1.  1.  1.]]",[0. 0. 0. 0. 0. 1. 0. 0. 0.],0
